%%MatrixMarket matrix coordinate real general
%
10 10 96
1 1 1749.663876285859
1 2 6.090147961907231
1 3 993.7008766250892
1 4 72.9401192784828
1 5 102.3325183244855
1 6 85.40648217325038
1 7 330.9612833779191
1 8 194.5829111870243
1 9 56.8396783750977
1 10 267.2974039138791
2 1 6.090147961907231
2 2 362.2462388543836
2 3 29.5072671956213
2 4 16.80545656009906
2 6 1.527337357849322
2 7 2.032233017188226
2 9 1.016451656179559
2 10 3.049900476144052
3 1 993.7008766250892
3 2 29.5072671956213
3 3 2471.413757029956
3 4 97.15147186650124
3 5 49.0365585188085
3 6 39.55093166368119
3 7 78.44070953391554
3 8 198.5474808456983
3 9 22.4901244017129
3 10 77.48094003553803
4 1 72.9401192784828
4 2 16.80545656009906
4 3 97.15147186650124
4 4 1267.226390121442
4 5 612.5612944744599
4 6 1529.478938924586
4 7 525.6213701277168
4 8 240.7952211417492
4 9 489.7686845331149
4 10 828.1135422710158
5 1 102.3325183244855
5 3 49.0365585188085
5 4 612.5612944744599
5 5 483.444375533727
5 6 894.8073108279709
5 7 670.6092298385244
5 8 98.04046028829022
5 9 322.4144542048866
5 10 781.4431741556522
6 1 85.40648217325038
6 2 1.527337357849322
6 3 39.55093166368119
6 4 1529.478938924586
6 5 894.8073108279709
6 6 2020.046465948347
6 7 814.4670321852664
6 8 215.2054192183172
6 9 625.1733547143151
6 10 1104.017906306391
7 1 330.9612833779191
7 2 2.032233017188226
7 3 78.44070953391554
7 4 525.6213701277168
7 5 670.6092298385244
7 6 814.4670321852664
7 7 2087.649080532424
7 8 335.6344488924833
7 9 626.892679087883
7 10 2526.024471517299
8 1 194.5829111870243
8 3 198.5474808456983
8 4 240.7952211417492
8 5 98.04046028829022
8 6 215.2054192183172
8 7 335.6344488924833
8 8 365.9657595072197
8 9 181.3601089822436
8 10 625.6376963040592
9 1 56.8396783750977
9 2 1.016451656179559
9 3 22.4901244017129
9 4 489.7686845331149
9 5 322.4144542048866
9 6 625.1733547143151
9 7 626.892679087883
9 8 181.3601089822436
9 9 301.5631237126252
9 10 916.3487080153114
10 1 267.2974039138791
10 2 3.049900476144052
10 3 77.48094003553803
10 4 828.1135422710158
10 5 781.4431741556522
10 6 1104.017906306391
10 7 2526.024471517299
10 8 625.6376963040592
10 9 916.3487080153114
10 10 3408.373351758795
