%%MatrixMarket matrix coordinate real general
%
100 100 7971
1 1 17.95357409828579
1 2 9.961121230463375
1 3 6.974106520410376
1 4 2.49545617986375
1 5 3.966950469910756
1 6 16.98057777951766
1 7 15.91017270034554
1 8 14.96197774999641
1 9 9.925579322845238
1 10 17.45649931642095
1 11 15.95719081190572
1 12 25.91405022559789
1 15 0.5055357968612465
1 16 1.011760945865553
1 17 3.486445348624569
1 18 6.956288935998752
1 19 6.498175363840771
1 20 7.016929490181706
1 21 6.49061197377537
1 22 1.497583168095584
1 23 7.009157173468789
1 24 0.9959804634521106
1 25 8.006621549703626
1 26 2.995256654340294
1 27 3.986379572562847
1 30 0.5004212302329288
1 32 1.500664489199865
1 35 0.4996181449793506
1 36 0.4979984759046486
1 37 1.001565097585051
1 39 0.5000973452857256
1 40 1.999477100588749
1 41 0.9962844970886325
1 42 1.483883672239377
1 43 0.4993776291525432
1 47 0.9983679649092193
1 51 0.5000548224168062
1 52 0.5006164652672441
1 54 1.000803664068694
1 56 0.4985420903418212
1 59 0.4993443891588701
1 60 3.486388027603315
1 61 3.497303037284591
1 62 2.497996602164571
1 63 2.998380583508627
1 64 3.487140460277109
1 65 0.9982883012088348
1 66 1.995511403070467
1 67 0.4981018780882372
1 68 1.498561789409206
1 69 2.497316596340239
1 70 3.483351527317963
1 71 2.48556681169371
1 72 5.476973009910481
1 73 3.992993036769299
1 74 0.5000106980181942
1 75 2.499297397771721
1 76 0.4998414160089557
1 78 1.996955934284921
1 79 0.498521943614455
1 81 0.4993062206463646
1 82 1.000808463254084
1 83 0.9968066538711681
1 84 0.9978725889170387
1 85 0.4975457905828931
1 87 0.9990493415344214
1 88 0.9973695192757415
1 89 0.4984069412235135
1 90 1.996565893091758
1 91 1.997770128108968
1 92 0.9990946519590622
1 93 1.998184446126502
1 94 0.9978173364413523
1 97 1.496368994801628
1 100 0.9968242253837715
2 1 9.961121230463375
2 2 8.953263216913317
2 3 5.969971598065178
2 4 4.485923997730316
2 5 7.428328461002902
2 6 13.46685974250989
2 7 9.434308628641787
2 8 8.467330107829111
2 9 8.9213587967816
2 10 11.95446529908053
2 11 13.44621628026976
2 12 24.38699419838369
2 17 5.968932051032044
2 18 5.954739072948301
2 19 6.988832471055111
2 20 7.508226157632376
2 21 1.994488171249106
2 22 2.991233083155145
2 23 7.999915231498554
2 24 1.989351502441552
2 25 6.496815063809449
2 26 5.484092451513389
2 27 8.459951177055224
2 29 0.4981733613870283
2 31 0.5000410836425736
2 32 0.4995630901236739
2 35 0.4989615551794864
2 36 0.4973460078786865
2 37 0.5001228154460329
2 38 1.496625882876838
2 40 1.497634941041502
2 41 0.9949788101913961
2 42 1.481953086232464
2 43 1.99488709000685
2 44 0.498636459607795
2 45 1.497955434199355
2 46 1.000362112567005
2 47 3.489699248883881
2 48 0.9990459507350448
2 49 0.999347087153833
2 50 1.493261426222653
2 51 2.496984786551325
2 52 1.999828421556217
2 53 1.504587398891142
2 54 2.998458597227929
2 55 0.4983659805537486
2 56 0.995776353318886
2 57 1.000076057245886
2 59 0.9973768620050982
2 60 3.481819541307924
2 61 3.492705925618435
2 62 5.488369622443008
2 63 5.489804415623325
2 64 6.467630310570633
2 65 2.492443587434437
2 66 6.975123374498623
2 67 2.984694010222352
2 68 3.492048961387284
2 69 1.995228543903128
2 70 1.987880484422089
2 71 3.971705510256009
2 72 2.486272201167038
2 73 1.495406373086889
2 75 1.497606334376534
2 76 0.9983683385151084
2 78 3.490083290683831
2 79 0.995736094761873
2 80 0.9973516880221402
2 81 1.49595046735814
2 82 1.499236679453526
2 83 0.9954996185578034
2 84 0.9965628074450198
2 85 0.4968945741772428
2 87 2.494341145773664
2 88 1.494091403054023
2 89 4.479781269277833
2 90 5.48334692374056
2 91 6.983007904117746
2 92 2.993345107883952
2 93 5.487784853297715
2 94 2.989523129282057
2 95 0.9959756570319563
2 96 0.4971280728017451
2 97 6.973892185056696
2 98 0.5001857997861708
2 99 0.9970783135404543
2 100 2.488793128532456
3 1 6.974106520410376
3 2 5.969971598065178
3 3 6.966285519426757
3 4 2.991183131741099
3 5 1.98126093904068
3 6 4.988673286866585
3 7 3.476455340514149
3 8 3.487209059070341
3 9 5.948694235372018
3 10 6.476563491525559
3 11 8.467741768574792
3 12 9.955761868936053
3 17 2.985031328941505
3 18 1.488965963620984
3 19 2.496485793888358
3 20 3.504506257101905
3 21 0.9974334086064335
3 22 0.4986332778818747
3 23 4.500808615226662
3 24 0.9948639658826179
3 25 2.499250531763109
3 27 1.990953886819197
3 28 1.500713063123268
3 29 0.4982679921151831
3 30 0.4998575022126693
3 31 0.5001362543779253
3 32 0.9993163230244366
3 34 1.000633560234683
3 35 2.495281598388635
3 37 1.500654137478715
3 38 0.4989697584842824
3 39 0.9990687956352071
3 40 4.493760791392087
3 41 0.4975836896431222
3 42 0.9881544234050874
3 43 1.995265856344471
3 44 3.989849080365332
3 45 1.997653837578318
3 46 2.001105460058564
3 47 2.493115073702898
3 48 0.4996181125798146
3 49 2.998611600440773
3 50 1.493544413035633
3 51 0.4994919326494807
3 52 2.000209065710651
3 53 0.501624946476722
3 54 3.998705569458182
3 55 0.9969209616583744
3 56 3.983860433247973
3 57 2.50066609020512
3 58 1.000850068486786
3 59 2.493915445076654
3 60 9.452442394583866
3 61 8.982949929495636
3 62 3.493262103867132
3 63 5.990015555536464
3 64 5.473646698676915
3 65 1.495750030289611
3 66 8.471399602806313
3 67 1.492629596074958
3 68 5.488547206882334
3 69 5.487919067419049
3 70 3.479449135044661
3 71 5.462127972363882
3 72 1.492045611725605
3 73 1.495689917078801
3 74 0.4994477592647533
3 75 0.4992970236426315
3 76 0.998558083894893
3 77 0.4975522303868468
3 78 3.490745316739444
3 79 0.9959248442301266
3 80 1.496311539119545
3 81 1.994980000427772
3 82 2.49920276322932
3 83 2.489220733789475
3 84 1.993503870772245
3 85 0.9939770376413535
3 86 0.9978124931719772
3 87 5.987555556880184
3 88 3.984999611661634
3 89 6.969868735664686
3 90 8.475870599287111
3 91 5.487690572411894
3 92 5.488841809503464
3 93 2.993905660781855
3 94 4.983483227541941
3 95 4.482740119408868
3 96 1.988888572170335
3 97 7.473443947520393
3 98 5.002811278447221
3 99 1.495901374264592
3 100 0.995705865041987
4 1 2.49545617986375
4 2 4.485923997730316
4 3 2.991183131741099
4 4 0.9989456105826664
4 5 0.9924907031579091
4 6 2.49905400173434
4 7 1.990286356570476
4 8 0.9982271102274353
4 9 3.476593635670241
4 10 4.991381957884688
4 11 2.495215450081523
4 12 5.486003380583833
4 17 1.495330492669605
4 18 1.989023702609984
4 19 1.000484687029688
4 20 1.003188289496862
4 21 0.499659849583492
4 23 2.505190238158308
4 24 0.9967401749627016
4 25 1.001595228510409
4 26 2.497955754162699
4 27 0.9973555509949851
4 28 1.002372695659367
4 29 0.4992091196086791
4 30 0.5008049533332506
4 31 0.5010845652673505
4 32 0.5006046828528412
4 35 3.500003931571816
4 36 0.498378366876963
4 37 2.505833391057472
4 39 1.501441190731531
4 40 0.5002519723318635
4 41 0.9970446124004295
4 43 0.9995195196851001
4 44 0.9993483121712204
4 45 3.502513217855125
4 46 1.503675767060739
4 47 1.998262442959897
4 48 1.00112871417597
4 49 1.502146437759938
4 50 1.995151351701397
4 51 2.502188861482572
4 52 2.004001410983986
4 54 5.007853756104438
4 55 1.498207350339292
4 56 2.993536497490766
4 57 2.505407835030566
4 59 3.498084244190071
4 60 5.482788958730175
4 61 1.499991056939689
4 62 2.999889637907839
4 63 6.501463756792948
4 64 2.991257838994664
4 65 3.496680219223383
4 66 4.992590791375353
4 67 1.993926689441299
4 68 6.998638088443323
4 69 3.998763226830607
4 70 1.494002567870047
4 72 0.4982864009436384
4 74 2.00157464515453
4 75 1.500726594402765
4 76 1.500672351067331
4 77 0.996981644027141
4 78 0.9992415088061382
4 79 0.4989025522285125
4 81 1.998752535644928
4 82 0.5007878017518361
4 83 3.491486592925361
4 84 2.995905587633416
4 86 0.4998500861279932
4 87 0.4999067192933864
4 88 1.996262602321156
4 89 1.995149723294297
4 90 5.494754205407811
4 91 5.997894743428695
4 92 1.499788603769011
4 93 1.499784610586621
4 94 3.994319464618909
4 95 1.996091223248018
4 96 0.9963190269515664
4 97 3.494195037238512
4 98 1.503690087175918
4 99 1.49872937087476
4 100 1.496378011182775
5 1 3.966950469910756
5 2 7.428328461002902
5 3 1.98126093904068
5 4 0.9924907031579091
5 6 5.462369780910917
5 7 3.460580327980261
5 8 2.975344914403603
5 9 5.428115048454364
5 10 4.463235927663918
5 11 4.462391022767399
5 12 6.937135974080682
5 17 3.961835062069384
5 18 4.446513168233251
5 19 1.988019996515266
5 20 4.983392022697823
5 21 1.98571932322583
5 22 1.489042145928636
5 23 6.471275451431379
5 24 0.4951566769859834
5 25 5.970634605763038
5 26 2.481811066325552
5 27 0.9909212104652297
5 29 0.4959851040778244
5 31 0.9956727975107404
5 34 1.494045591157128
5 35 1.490299209027169
5 37 0.4979172675437266
5 38 0.4966805357973127
5 39 0.4972399823183393
5 40 1.491043431203833
5 41 0.9906142657025909
5 42 1.475497785871709
5 43 0.9930573023868011
5 44 0.4964444391878361
5 45 0.497120200929915
5 47 1.985348187258293
5 48 0.9946457485419261
5 49 0.4974721213638987
5 51 0.4971980101630619
5 52 1.493259912178104
5 56 1.982809687026351
5 57 0.4978330923356166
5 59 0.496495606288491
5 60 2.476106238198982
5 61 2.980577157651704
5 62 1.490242775211985
5 63 4.471892453467759
5 64 0.9906550846751615
5 65 2.97778591471314
5 66 0.9920687413448032
5 67 0.9905340822083873
5 68 2.483348887859678
5 69 0.4966130584871379
5 70 0.989584836429834
5 71 2.9657394394845
5 72 0.9901484086314661
5 73 0.9925556433661054
5 76 0.9939740841729913
5 77 0.4952760231032649
5 78 0.9927827947286579
5 81 0.49645820352348
5 83 1.486695749948485
5 84 0.4960924633637003
5 85 0.9894349211254698
5 86 0.4966176043716728
5 87 3.973390948480424
5 88 0.9916869709484605
5 89 0.9911376804949775
5 90 3.474065292239056
5 91 2.482963040973817
5 92 1.490088878909885
5 93 2.483474727125982
5 94 3.968518905647266
5 95 0.9916023118045764
5 96 0.4949489445284136
5 97 2.97568328579429
5 98 0.9959598184218187
5 100 0.4955738170045738
6 1 16.98057777951766
6 2 13.46685974250989
6 3 4.988673286866585
6 4 2.49905400173434
6 5 5.462369780910917
6 6 25.00746821126716
6 7 16.43092927001791
6 8 16.98133739925395
6 9 20.37660495818235
6 10 14.98427160543962
6 11 24.96902448041932
6 12 40.4242294192147
6 15 0.5062745018309253
6 16 1.013239466478218
6 17 4.987801765942137
6 18 11.44459226972114
6 19 13.51569819490951
6 20 21.0812712860133
6 21 10.99995412497298
6 22 6.998800360154149
6 23 17.54823939192826
6 24 5.485773792832407
6 25 29.56711022404364
6 26 18.99731287718639
6 27 25.44975246788195
6 28 0.5015266794198129
6 31 1.504274627020901
6 32 2.504721388383463
6 34 1.00321244004291
6 35 1.000678587691449
6 38 0.5002525604629205
6 42 0.9906693134436731
6 44 0.5000124627420487
6 47 0.4999037649251883
6 49 0.5010552943293664
6 50 0.4991248603260471
6 51 0.5007768825136455
6 54 0.5011251034978857
6 56 1.497780071514852
6 57 0.5014216708378392
6 60 1.995088103641297
6 61 0.5003356871188613
6 62 4.502883342106824
6 63 1.000902968245501
6 64 0.9977594438214875
6 65 0.4998636483360242
6 66 0.4995966100424345
6 67 0.997636757901879
6 68 0.5002415054888982
6 69 1.500552020056094
6 71 0.9956544189847482
6 72 9.97245559452511
6 73 8.997187264550833
6 74 1.502198886285403
6 75 2.502906250160603
6 76 1.501689526720721
6 78 1.99983612826205
6 82 1.002255142205751
6 83 1.497362582856673
6 84 0.9993107858157797
6 85 0.9965217286626737
6 87 2.000981871379202
6 88 0.4994033434901935
6 89 1.497373675335865
6 90 0.9997223802049122
6 91 0.500163035286516
6 93 1.000533693656566
6 94 0.9992553696759294
6 96 0.49849598162717
6 97 0.4995084661752426
6 98 0.5015703845337245
6 99 0.9998291549018553
6 100 0.9982593823331347
7 1 15.91017270034554
7 2 9.434308628641787
7 3 3.476455340514149
7 4 1.990286356570476
7 5 3.460580327980261
7 6 16.43092927001791
7 7 22.80150073202995
7 8 13.92202023006293
7 9 11.87463021546729
7 10 17.9006198736671
7 11 21.37723689843806
7 12 32.29407893308819
7 16 0.5043194469628776
7 17 6.455151764629939
7 18 8.916686727105397
7 19 8.970034783089943
7 20 11.49256342406076
7 21 6.470840665020456
7 22 3.483718314711913
7 23 14.47462402801981
7 24 2.978863708460097
7 25 15.96435893362309
7 26 7.963024521181398
7 27 11.42599660020644
7 28 0.4992718875396289
7 29 0.4973099002092282
7 30 0.4988935161793442
7 32 2.493474298386043
7 39 0.4985715220182872
7 40 0.4983447650776305
7 42 0.4931351718538142
7 43 0.9957126161574419
7 49 0.4988046886923217
7 52 0.4990872114919888
7 55 0.9950034575665764
7 56 0.4970257073805274
7 60 3.475793825103012
7 61 0.9961834338091257
7 62 3.486535738392889
7 64 0.496648846607179
7 66 0.4973595960625232
7 68 0.4979979697135634
7 70 1.488332475730605
7 71 0.9912112144149976
7 72 5.956729533151178
7 73 6.966458454488372
7 74 1.993941564525382
7 75 1.495005170784429
7 76 1.494951491754808
7 77 0.4965970105855348
7 78 1.493154946972757
7 86 0.497945799108191
7 87 0.9960045952681965
7 89 0.9937827477285359
7 90 1.492864171386444
7 91 0.4979206906271414
7 93 0.4980235111618319
7 94 0.9947800515404339
7 95 0.9942498461224392
7 96 0.4962683145783668
7 97 0.9945434474345635
8 1 14.96197774999641
8 2 8.467330107829111
8 3 3.487209059070341
8 4 0.9982271102274353
8 5 2.975344914403603
8 6 16.98133739925395
8 7 13.92202023006293
8 8 3.9900397265941
8 9 12.40752522464072
8 10 10.97314803789873
8 11 18.95000879332292
8 12 19.43640427753052
8 14 0.5078102563250891
8 17 4.980858184568374
8 18 6.956598834058124
8 19 7.498230533117598
8 20 6.014780986807031
8 21 4.993001658589352
8 22 3.993734123791402
8 23 9.012178331122723
8 24 3.984100205884979
8 25 11.00959971813553
8 26 4.493086289606594
8 27 9.96639277917388
8 28 0.5008246137235719
8 29 0.9977005653338725
8 31 0.5007230509577607
8 32 2.000975505007061
8 38 0.4995541231889691
8 41 0.4981643711365296
8 47 0.9984125792701948
8 48 0.5002033139879067
8 52 0.5006389192246821
8 54 0.5004243298020575
8 60 0.9961552187706473
8 62 0.4996215488314983
8 63 1.499257365249843
8 64 0.4981852724194749
8 65 0.4991666409010431
8 66 0.4988997168213941
8 68 0.4995428732969308
8 69 0.4994857561384481
8 70 0.4976437837631024
8 71 0.4971354771433955
8 72 7.468932421576881
8 73 6.488903476591681
8 74 0.5000329856054025
8 75 5.998582500211441
8 76 1.499591543995529
8 78 3.494829461567492
8 80 0.4993542644183633
8 81 0.4993285411328623
8 84 1.49687596456028
8 85 0.4975678373535298
8 86 0.4994903036439076
8 87 0.4995470102354369
8 88 0.9974140437032051
8 89 0.4984291330375469
8 90 1.497491387450793
8 91 1.498394465065357
8 92 0.4995696761955424
8 93 0.499568366917393
8 95 0.9973283798757977
8 96 0.4978022105758056
8 97 0.4988123606389847
8 100 0.4984343616584336
9 1 9.925579322845238
9 2 8.9213587967816
9 3 5.948694235372018
9 4 3.476593635670241
9 5 5.428115048454364
9 6 20.37660495818235
9 7 11.87463021546729
9 8 12.40752522464072
9 9 12.84065455788327
9 10 8.437530975959385
9 11 13.39824395941744
9 12 22.81228573266606
9 14 0.5052678834704819
9 16 0.503378804345037
9 17 10.40840744405769
9 18 12.36160453257224
9 19 7.461256044962731
9 20 11.97008579329908
9 21 6.9557731216781
9 22 3.974066962526243
9 23 14.94611741678866
9 24 2.973395665822165
9 25 19.9186414035575
9 26 5.961279258106888
9 27 13.38849059175206
9 28 0.4983504229914354
9 31 0.4982496613406134
9 32 1.991101455591354
9 34 0.4984289258509265
9 36 0.4955739601539373
9 37 0.4983308999566679
9 38 0.4970923183362677
9 40 0.9948531069942604
9 41 2.974298514666152
9 42 0.9844722263634283
9 43 0.4969402942124372
9 49 0.9957698461765403
9 51 1.492830964927342
9 54 0.4979537264843679
9 60 2.478151980005145
9 61 0.4971745558324311
9 62 3.480115313766239
9 63 0.9945775490567921
9 64 0.9914735449217752
9 65 0.4967085719711916
9 67 0.4956762047962212
9 68 1.491243844508946
9 69 0.9940491615429241
9 70 1.485602695670504
9 71 0.4946979132905137
9 72 4.95483072125311
9 73 1.986754711022654
9 74 0.4975666718336513
9 75 1.492250462941931
9 76 1.492196823470414
9 78 0.4968029432958604
9 79 0.4960924589842464
9 83 0.4959751222018329
9 85 1.485377152338019
9 87 0.4970855961801727
9 88 0.4962536819153993
9 90 0.9934118302635379
9 92 0.9942156175719923
9 94 0.4964758126633961
9 97 1.48907271214809
9 98 0.9967871201705116
9 99 0.4967591929273921
10 1 17.45649931642095
10 2 11.95446529908053
10 3 6.476563491525559
10 4 4.991381957884688
10 5 4.463235927663918
10 6 14.98427160543962
10 7 17.9006198736671
10 8 10.97314803789873
10 9 8.437530975959385
10 10 18.95455374740597
10 11 15.4599796450613
10 12 27.91005653980168
10 16 0.5059289239802467
10 17 8.467875367233074
10 18 8.944636822414758
10 19 4.999066988569356
10 20 11.52890171925706
10 21 8.987845187126192
10 22 4.49317245633901
10 23 10.51472791538457
10 24 3.486258899092681
10 25 12.01106639148108
10 26 5.491820287114835
10 27 15.4486693927594
10 28 1.001698837676873
10 31 1.502243350587813
10 32 0.5002685714020568
10 34 0.5009288372787162
10 35 0.4996652392702645
10 36 0.4980450617067437
10 40 1.499748780677534
10 42 0.9893480127046962
10 43 0.4994247683066288
10 44 0.499339134869878
10 46 0.5008882455575356
10 47 1.497692726594669
10 48 0.5002282649841107
10 51 0.5001015054844506
10 52 1.001327316287341
10 54 1.000897950277707
10 56 2.991533362036193
10 57 0.5007446545465155
10 60 4.482919028027026
10 61 1.498984969793673
10 62 2.997877982931469
10 64 1.992838618235923
10 65 0.4991911873479538
10 66 2.494623904554528
10 68 0.9991350630604688
10 69 3.496572062746264
10 71 0.9943197727228242
10 72 3.485673239889847
10 73 5.490881094587083
10 75 3.499345620760179
10 76 0.9997770220313116
10 78 1.497857714511942
10 79 0.4985689174703308
10 80 0.9987574344903859
10 81 0.499353086542446
10 82 0.5004511041510671
10 87 0.4995716948964493
10 88 0.4987315131362265
10 89 0.4984537262027856
10 90 1.497565185371014
10 91 1.997957743961934
10 92 0.9991886561623136
10 93 0.9991859711276417
10 94 0.9979110800412041
10 95 0.9973775258690494
10 96 0.9956532876465849
10 97 0.9976729917827865
10 98 0.5008930236101273
10 100 0.4984589821405064
11 1 15.95719081190572
11 2 13.44621628026976
11 3 8.467741768574792
11 4 2.495215450081523
11 5 4.462391022767399
11 6 24.96902448041932
11 7 21.37723689843806
11 8 18.95000879332292
11 9 13.39824395941744
11 10 15.4599796450613
11 11 23.93347974710477
11 12 35.37923307216555
11 17 8.964281273652588
11 18 10.43343122251814
11 19 8.496792213927566
11 20 11.52669582681358
11 21 5.990755042485158
11 22 3.494023584660084
11 23 9.511506639994028
11 24 1.991769100836218
11 25 9.506942995248972
11 26 8.485741499502069
11 27 12.95448424998316
11 31 0.5006520643199858
11 32 3.001038445934202
11 36 0.4979505246851735
11 40 0.9996417335077549
11 41 0.4980942452079995
11 42 0.9891612204026874
11 47 1.497407312477442
11 49 1.500850864948915
11 50 0.4983592609627067
11 52 0.50056786981958
11 53 0.5021436058107279
11 55 0.4989729151223606
11 56 1.495482056982498
11 60 2.988044387308839
11 61 1.998265262167564
11 62 4.495959321594297
11 63 2.998090865326577
11 64 0.9962297090735575
11 65 0.9981918805713197
11 66 0.4988300003719489
11 68 3.995778475035322
11 69 1.997660056814419
11 70 1.990295064258848
11 71 1.988262313669171
11 72 6.472163144830764
11 73 5.489835243964874
11 75 0.4998110710681494
11 77 0.9961255900866244
11 78 1.497572225794594
11 81 0.9985160035433165
11 82 1.000711572343974
11 88 0.4986366156230588
11 89 1.495076628241542
11 90 2.994559905431779
11 91 0.4993942741916906
11 92 1.997996073022443
11 93 0.9989954359936707
11 94 0.4988604500394868
11 95 0.4985936196144903
11 96 0.4977321595162072
11 97 1.994966337746529
11 98 0.5007974408809723
11 100 1.993456516014931
12 1 25.91405022559789
12 2 24.38699419838369
12 3 9.955761868936053
12 4 5.486003380583833
12 5 6.937135974080682
12 6 40.4242294192147
12 7 32.29407893308819
12 8 19.43640427753052
12 9 22.81228573266606
12 10 27.91005653980168
12 11 35.37923307216555
12 12 68.7218538706943
12 16 0.5055068356430883
12 17 16.92184488161007
12 18 13.40596650570291
12 19 19.9797907411776
12 20 23.03875556393784
12 21 14.46850135169142
12 22 4.489475264649682
12 23 18.510664001961
12 24 5.473909969390119
12 25 25.50246925002834
12 26 8.979219564950347
12 27 20.91326375742071
12 30 0.5000561367761234
12 31 1.00066902247763
12 32 1.999424205206096
12 35 0.998507416757505
12 37 0.5004162705018788
12 38 0.9983346345477949
12 39 0.9994642969832545
12 40 2.997026464878616
12 41 1.991119406207584
12 42 1.977082657464389
12 43 1.49704070655945
12 44 0.4989281488676568
12 45 0.4996112108154875
12 46 0.500474429435275
12 47 1.496460717895552
12 49 0.9999330945439304
12 51 0.4996894988741338
12 53 0.5018244168361284
12 54 1.000072329424712
12 56 0.4981790756231474
12 58 0.5006235354539188
12 59 0.9979604956163302
12 60 5.972317548224333
12 61 2.995501066114495
12 62 4.493114046651158
12 63 0.4993655606726494
12 64 5.475805574193427
12 65 2.493901695089091
12 66 0.9970287837972061
12 67 0.4977395791542559
12 68 1.99662484009128
12 69 2.495495083229731
12 70 1.491779803045146
12 71 1.490257355200208
12 72 9.950892482072161
12 73 7.980164937008715
12 74 2.498228348451251
12 75 6.493430584240215
12 76 2.497383228936039
12 77 1.493245449387644
12 78 4.988750464881818
12 81 0.4989422404248809
12 83 0.9960811067661697
12 86 0.4991036825131109
12 87 2.99496192248656
12 88 1.993286286495653
12 89 0.9960884425939229
12 90 1.496333028074696
12 91 3.493547556548696
12 92 1.996732106497765
12 93 2.495908010353198
12 94 0.9970903521462249
12 95 0.9965576596537661
12 96 0.4974182238635912
12 97 2.492131776543495
12 98 1.00095896030409
12 99 1.49649271178356
12 100 0.4980495789177085
13 13 6.492516435413926
13 14 15.33674525867237
13 15 1.052824516624191
13 16 10.00893777185124
13 30 0.520868958840019
13 33 5.238492856531169
13 34 0.5213674224054978
13 35 1.03999813151934
13 36 1.036489004488913
13 39 0.5205179521716673
13 51 0.5204718305460019
13 83 1.037366170968067
13 91 0.51980852740478
13 94 0.5192303657535035
14 8 0.5078102563250891
14 9 0.5052678834704819
14 13 15.33674525867237
14 14 27.92889210724282
14 15 5.66352156264751
14 16 43.27869994721018
14 19 0.5089787070979157
14 20 0.5103780717346301
14 21 0.5083755671539851
14 22 0.5082888988443636
14 25 1.019107784463076
14 27 0.5073590475433803
14 33 1.024825806347109
14 39 0.5092251784241547
14 53 0.5113976531243264
14 57 0.5098475511501858
14 60 0.5071083454089673
14 65 0.5082368712848315
14 87 1.017263535274508
15 1 0.5055357968612465
15 6 0.5062745018309253
15 13 1.052824516624191
15 14 5.66352156264751
15 15 13.32631477860152
15 16 28.72267963293439
15 18 0.5036528463920392
15 21 0.5061192681671628
15 25 1.521859198396884
15 27 0.5051116456321065
15 33 3.060718354272926
15 65 0.5059816222953141
16 1 1.011760945865553
16 6 1.013239466478218
16 7 0.5043194469628776
16 9 0.503378804345037
16 10 0.5059289239802467
16 12 0.5055068356430883
16 13 10.00893777185124
16 14 43.27869994721018
16 15 28.72267963293439
16 16 105.7315457783846
16 17 0.5052151454537104
16 18 1.511984303405019
16 19 0.5070630708293755
16 20 2.033806595296964
16 21 4.05171149497339
16 22 0.5063786653229834
16 23 2.539401864029876
16 24 1.515417989184204
16 25 5.076328533443498
16 26 1.012788085457191
16 27 3.538185891694163
16 33 3.57329322342349
16 65 0.5063269852708899
16 89 0.5055684658345743
16 95 0.5058101913859991
17 1 3.486445348624569
17 2 5.968932051032044
17 3 2.985031328941505
17 4 1.495330492669605
17 5 3.961835062069384
17 6 4.987801765942137
17 7 6.455151764629939
17 8 4.980858184568374
17 9 10.40840744405769
17 10 8.467875367233074
17 11 8.964281273652588
17 12 16.92184488161007
17 16 0.5052151454537104
17 17 3.979349689019208
17 18 14.39083762306706
17 19 8.486569158228267
17 20 19.02113369922666
17 21 13.46299998606476
17 22 2.492732037604372
17 23 14.00006823786885
17 24 4.973454400486357
17 25 19.49075134375353
17 26 7.478421573269144
17 27 14.92955224397751
17 28 0.5001500590745322
17 30 0.9995402634999617
17 31 1.000097411187101
17 32 1.998282925326765
17 34 0.5002291932275847
17 35 0.4989691840857589
17 36 0.4973536436680675
17 37 0.5001305739207657
17 40 2.995317095579647
17 42 1.481975198090629
17 43 1.49618787113497
17 44 0.9972881658749098
17 45 1.497978340916695
17 47 0.4985358108561508
17 48 0.4995305055005595
17 49 1.499043345932664
17 50 0.995522756781852
17 51 0.9988091490670841
17 52 1.499894339148229
17 54 1.499252261165827
17 56 0.9957915171525069
17 57 0.500045686024403
17 59 0.4986959678694377
17 60 2.984461887177113
17 61 0.9979311452934674
17 62 2.993701558593463
17 63 1.996323111057256
17 64 1.492552735019156
17 66 0.9964613596617696
17 68 1.496615087245424
17 69 1.99525856299161
17 70 0.4969781186523609
17 72 3.978096160194206
17 73 1.993905224556676
17 74 0.9987211902694674
17 75 0.998419443186035
17 76 0.4991916332499762
17 77 0.4974656631479473
17 78 0.4985909116063558
17 80 0.4986832594719071
17 81 0.4986579133687391
17 82 0.4997531571082829
17 83 0.4977574527366033
17 87 1.496627416003945
17 88 1.494114132904401
17 89 0.9955220548931655
17 90 0.4984936170156005
17 91 1.496381555059539
17 92 2.494492140201661
17 93 0.4988971863500077
17 94 1.494784251347592
17 95 0.4979954738469494
17 97 1.494428361405163
17 98 0.5001934658250212
17 100 1.991064726506325
18 1 6.956288935998752
18 2 5.954739072948301
18 3 1.488965963620984
18 4 1.989023702609984
18 5 4.446513168233251
18 6 11.44459226972114
18 7 8.916686727105397
18 8 6.956598834058124
18 9 12.36160453257224
18 10 8.944636822414758
18 11 10.43343122251814
18 12 13.40596650570291
18 15 0.5036528463920392
18 16 1.511984303405019
18 17 14.39083762306706
18 18 21.78258249168224
18 19 15.93659715387035
18 20 21.97177327240754
18 21 18.90276362092493
18 22 4.973583136822273
18 23 25.43918133192847
18 24 10.41942112676426
18 25 34.40125827954812
18 26 19.89492953538617
18 27 26.3127964429399
18 29 0.496994538730995
18 30 0.4985763611609591
18 31 0.9977069541794441
18 32 2.491888811424197
18 36 0.4961710807745417
18 39 0.4982545976066868
18 40 0.9960563824057727
18 42 1.478475783664994
18 49 0.4984877014740965
18 54 0.4985569169164491
18 56 0.496710757591355
18 57 0.4988506098107006
18 59 0.497507233460495
18 60 1.488682795052407
18 61 1.493326440269285
18 62 1.49328069360008
18 63 0.4978899840310134
18 64 0.49633455560911
18 65 0.4973088211202102
18 66 0.4970441157728994
18 68 1.493046183713698
18 70 0.4957971624892511
18 72 3.472559964047528
18 73 2.983730971753733
18 74 0.498168630484878
18 75 3.486129359867568
18 78 2.487012436945718
18 83 0.4965730091109531
18 85 0.4957216207056876
18 87 0.99537236722361
18 88 0.4968525385754657
18 89 1.489729938177674
18 91 0.4976043855508988
18 93 0.4977072918296546
18 94 0.4970747610577355
18 100 1.489745296245828
19 1 6.498175363840771
19 2 6.988832471055111
19 3 2.496485793888358
19 4 1.000484687029688
19 5 1.988019996515266
19 6 13.51569819490951
19 7 8.970034783089943
19 8 7.498230533117598
19 9 7.461256044962731
19 10 4.999066988569356
19 11 8.496792213927566
19 12 19.9797907411776
19 14 0.5089787070979157
19 16 0.5070630708293755
19 17 8.486569158228267
19 18 15.93659715387035
19 19 21.04259994438149
19 20 23.61140294995812
19 21 17.01461288794252
19 22 9.006227592589987
19 23 18.06525312894441
19 24 6.488771529062989
19 25 23.07227758322288
19 26 13.50974908264229
19 27 25.47168953944358
19 30 0.5015785025604593
19 32 1.504133131428777
19 35 0.5007715512082229
19 36 0.4991444746890563
19 37 1.003882948144558
19 40 0.501024021033773
19 41 0.4992889009521824
19 42 1.487275346286985
19 47 0.5003357450859884
19 48 0.5013373298472227
19 49 0.501488839951635
19 50 0.9991105463827161
19 53 0.5033581108714884
19 54 0.5015590281363709
19 56 0.499690776089841
19 57 1.003712197567624
19 58 0.502149950969176
19 60 0.4992017430392858
19 61 1.00153631686698
19 62 2.503763698698589
19 64 0.4993094531913455
19 65 0.5002955252437284
19 66 0.5000280902532411
19 68 1.001347264537659
19 69 0.5006161401546754
19 72 4.491470389033303
19 73 4.502478279208673
19 74 1.503498032174024
19 75 3.006084414472215
19 78 1.501172147838822
19 81 1.000916662814865
19 83 0.999102452675554
19 87 1.001355532744274
19 89 0.4995551122203764
19 90 1.000585648507141
19 91 2.002380630414648
19 96 0.9978500653862394
19 97 0.499939297679668
20 1 7.016929490181706
20 2 7.508226157632376
20 3 3.504506257101905
20 4 1.003188289496862
20 5 4.983392022697823
20 6 21.0812712860133
20 7 11.49256342406076
20 8 6.014780986807031
20 9 11.97008579329908
20 10 11.52890171925706
20 11 11.52669582681358
20 12 23.03875556393784
20 14 0.5103780717346301
20 16 2.033806595296964
20 17 19.02113369922666
20 18 21.97177327240754
20 19 23.61140294995812
20 20 27.20158996397797
20 21 35.12477641751271
20 22 9.030567829187
20 23 34.21572226086163
20 24 11.01060424749906
20 25 55.32230926409024
20 26 27.59424236031183
20 27 43.56891550417013
20 28 1.509966919335766
20 29 0.5013290811534278
20 31 2.516098033924094
20 32 3.016413251100405
20 35 0.5021264419277386
20 40 1.507139718386647
20 41 0.5006354172357936
20 42 1.988344230279357
20 43 1.505650463583616
20 44 0.5017969969148302
20 46 0.5033615007995257
20 49 0.5028475426793245
20 51 1.005134759441872
20 53 0.5047267557935428
20 60 1.501643341711546
20 61 0.5021226991952459
20 62 1.004214611710736
20 65 0.5016474756925391
20 68 1.004055520592429
20 70 0.5001096442558977
20 71 1.498789170346169
20 72 3.502782794505298
20 73 7.022780133353157
20 74 1.005045704097806
20 75 1.004740113542453
20 76 1.507055715553056
20 78 4.515688539525597
20 87 0.5020326093915505
20 88 0.5011843388268236
20 89 0.500902914490626
20 91 0.5019492035452141
20 92 1.004109646224619
20 93 1.004106933148188
20 97 0.5012897953550808
20 98 1.006732674398802
20 99 0.5016988600790157
21 1 6.49061197377537
21 2 1.994488171249106
21 3 0.9974334086064335
21 4 0.499659849583492
21 5 1.98571932322583
21 6 10.99995412497298
21 7 6.470840665020456
21 8 4.993001658589352
21 9 6.9557731216781
21 10 8.987845187126192
21 11 5.990755042485158
21 12 14.46850135169142
21 14 0.5083755671539851
21 15 0.5061192681671628
21 16 4.05171149497339
21 17 13.46299998606476
21 18 18.90276362092493
21 19 17.01461288794252
21 20 35.12477641751271
21 21 18.99417275819504
21 22 7.996208599965438
21 23 27.56744321901351
21 24 6.481230079810492
21 25 30.05912750227726
21 26 17.49223352712714
21 27 32.92503526889377
21 28 0.5013744067181229
21 29 0.4993957745918725
21 30 0.5009927427546638
21 31 0.5012727166157871
21 32 1.502377261478941
21 34 0.5014539205523691
21 37 0.501354725337709
21 38 0.5001011176767884
21 39 0.5006682222437957
21 40 1.501318423591743
21 42 0.9903725044047315
21 43 0.4999469819703822
21 54 0.500973746759966
21 56 0.4991092572486298
21 59 0.4999133624006106
21 61 1.00036852364502
21 62 1.500506861776638
21 63 1.500900130553792
21 64 0.4987293989335186
21 67 0.4986678890726043
21 68 0.5000900037870835
21 71 0.9953545427419711
21 72 3.987778344679111
21 73 6.995695197307892
21 74 0.5005811475768939
21 75 0.5004299923145282
21 78 1.999230479541825
21 79 0.4990890114839388
21 80 0.4999006897664053
21 84 0.4995044553246408
21 86 0.5000370900092803
21 89 0.4989738350896777
21 90 0.4997100850001481
21 91 0.500011676536497
21 97 0.4993573628615492
21 99 0.4997633026533276
22 1 1.497583168095584
22 2 2.991233083155145
22 3 0.4986332778818747
22 5 1.489042145928636
22 6 6.998800360154149
22 7 3.483718314711913
22 8 3.993734123791402
22 9 3.974066962526243
22 10 4.49317245633901
22 11 3.494023584660084
22 12 4.489475264649682
22 14 0.5082888988443636
22 16 0.5063786653229834
22 17 2.492732037604372
22 18 4.973583136822273
22 19 9.006227592589987
22 20 9.030567829187
22 21 7.996208599965438
22 22 1.998718458722863
22 23 9.020555698281793
22 24 2.990837869795522
22 25 11.52073022013144
22 26 8.994501215710651
22 27 10.97317622252381
22 28 1.002580733024685
22 30 0.5009088482955298
22 32 1.001416926278693
22 35 0.5001040721153183
22 36 0.4984810869712276
22 38 0.5000173128692835
22 47 0.499669054202191
22 58 0.5014786982933853
22 61 0.5001004696335115
22 63 0.500215908842099
22 65 0.9992581638341789
22 69 1.499846667596032
22 70 0.4981036050929816
22 72 0.9967783205770587
22 73 3.996871616815147
22 74 2.502486743248457
22 75 2.501728964326617
22 76 0.5003276399465553
22 77 0.4985937672306727
22 78 3.498068678548475
22 79 0.4990055633655822
22 84 0.499420620764214
22 88 0.998337589466459
22 89 0.4988904453618156
22 90 0.4996264624671918
22 93 0.5000317288408274
22 94 0.998786291646328
22 97 0.4992741171416726
23 1 7.009157173468789
23 2 7.999915231498554
23 3 4.500808615226662
23 4 2.505190238158308
23 5 6.471275451431379
23 6 17.54823939192826
23 7 14.47462402801981
23 8 9.012178331122723
23 9 14.94611741678866
23 10 10.51472791538457
23 11 9.511506639994028
23 12 18.510664001961
23 16 2.539401864029876
23 17 14.00006823786885
23 18 25.43918133192847
23 19 18.06525312894441
23 20 34.21572226086163
23 21 27.56744321901351
23 22 9.020555698281793
23 23 39.20383906359599
23 24 10.49849763587487
23 25 44.71104626839492
23 26 26.5613372210939
23 27 37.51784287427178
23 28 1.005525083646506
23 30 0.5023782810225226
23 31 2.513299878857272
23 32 3.013062282087489
23 35 0.5015689842184907
23 36 0.4999367068589901
23 37 1.005485469313821
23 38 1.002964218625128
23 40 1.003644490544743
23 42 1.489620317167385
23 45 1.00386001644024
23 47 1.503394741842692
23 49 0.5022883757497989
23 51 0.5020087661370176
23 53 0.5041634514707807
23 55 1.001934855682193
23 56 0.5004843894669502
23 59 0.5012928419058335
23 60 1.999976044982078
23 61 0.5015653957043279
23 62 1.003100438774113
23 63 0.5016817156355048
23 64 0.5001024740298412
23 65 0.5010915327191727
23 66 0.5008227023679444
23 67 1.500122698683772
23 68 1.002941692526745
23 69 0.5014128896869113
23 70 0.9991141211050228
23 72 7.497662960731839
23 73 9.520351267356212
23 74 1.003929685649086
23 75 4.014497534644062
23 76 1.505382358441763
23 77 0.5000498405584594
23 78 0.5011868685179687
23 83 1.000689739533617
23 84 0.5008818347839539
23 85 0.9989613150471433
23 87 1.50442453757093
23 88 0.5006279951177462
23 89 0.5003481222355108
23 90 0.5010884179316564
23 93 0.5014963410835286
23 94 2.003416142030209
23 95 1.001170716614899
23 99 1.00228495091729
23 100 0.5003533013441117
24 1 0.9959804634521106
24 2 1.989351502441552
24 3 0.9948639658826179
24 4 0.9967401749627016
24 5 0.4951566769859834
24 6 5.485773792832407
24 7 2.978863708460097
24 8 3.984100205884979
24 9 2.973395665822165
24 10 3.486258899092681
24 11 1.991769100836218
24 12 5.473909969390119
24 16 1.515417989184204
24 17 4.973454400486357
24 18 10.41942112676426
24 19 6.488771529062989
24 20 11.01060424749906
24 21 6.481230079810492
24 22 2.990837869795522
24 23 10.49849763587487
24 24 1.989089757820787
24 25 15.49035899506977
24 26 9.969758345641463
24 27 14.9273551126188
24 28 3.000456609233083
24 30 0.999392564467695
24 31 4.999748652579899
24 32 2.497484906332528
24 34 0.5001553800058044
24 35 3.492269113203687
24 37 2.000226117270001
24 38 0.4988092049933907
24 39 1.498119905463376
24 40 0.4991458197967844
24 46 0.500114725405444
24 50 0.9953762201299376
24 51 0.4993308467480073
24 52 1.999563633877068
24 53 1.002924821945125
24 54 0.4996769206358986
24 55 0.4983001921490261
24 56 1.991290272442028
24 57 1.499915260744309
24 59 0.9972449473953225
24 62 0.4988766564397847
24 65 0.4984229883519318
24 66 1.494471878783852
24 67 0.4973834942330619
24 69 0.4987410230051979
24 71 1.489193777466326
24 72 2.983133489290016
24 73 2.492014136408375
24 74 0.9985737619880827
24 75 1.497408045239948
24 76 0.998236199380908
24 78 1.495552055700623
24 81 0.4985843418602163
24 83 0.497684220853744
24 84 0.9964311381451265
24 85 1.490487448688436
24 86 1.994982076398616
24 87 1.995209126604926
24 88 0.9959294972480209
24 89 1.99075106799569
24 90 0.4984204534101762
24 91 0.4987203927005686
24 92 0.9976497060039166
24 93 0.9976470127949358
24 94 0.4981880411835887
24 96 1.491187745149528
24 97 0.4980691129855749
24 99 0.9969464921629719
24 100 0.4976929851357993
25 1 8.006621549703626
25 2 6.496815063809449
25 3 2.499250531763109
25 4 1.001595228510409
25 5 5.970634605763038
25 6 29.56711022404364
25 7 15.96435893362309
25 8 11.00959971813553
25 9 19.9186414035575
25 10 12.01106639148108
25 11 9.506942995248972
25 12 25.50246925002834
25 14 1.019107784463076
25 15 1.521859198396884
25 16 5.076328533443498
25 17 19.49075134375353
25 18 34.40125827954812
25 19 23.07227758322288
25 20 55.32230926409024
25 21 30.05912750227726
25 22 11.52073022013144
25 23 44.71104626839492
25 24 15.49035899506977
25 25 59.25126615834337
25 26 42.07699054315091
25 27 56.99979301160212
25 28 1.005040605675678
25 29 0.5005323961552332
25 30 1.004273571064964
25 31 1.507253713082653
25 32 3.513546871513982
25 34 0.5026002176164258
25 35 1.002656413156628
25 37 0.5025006022898191
25 40 1.504742354376254
25 41 1.999368134400336
25 42 0.9926078001799657
25 43 1.50325820169934
25 47 1.50267276129044
25 51 0.5017677551886337
25 52 0.5023331649532665
25 53 1.007840461917937
25 55 0.5007269954942852
25 59 0.501052386952931
25 61 0.5013246486705681
25 62 1.002618294957549
25 63 1.002881664116784
25 65 1.001701757121378
25 66 0.5005826135361852
25 68 1.00245970022563
25 70 0.998635821500459
25 71 0.498806391412063
25 72 7.494069450550128
25 73 8.514116859965295
25 74 2.508615961266881
25 75 5.015708579729034
25 76 1.003105919169365
25 77 0.4998104204460801
25 78 1.502838978732012
25 80 0.5010399949984753
25 83 0.5001051827207302
25 87 0.5012343323567682
25 88 1.000776651165879
25 89 0.5001086753633515
25 90 1.001696396090221
25 92 1.002513653189559
25 93 0.5012553591388456
25 96 0.9989547206941766
25 97 1.000987875572929
25 98 1.005128354240462
25 99 0.5009020757150014
26 1 2.995256654340294
26 2 5.484092451513389
26 4 2.497955754162699
26 5 2.481811066325552
26 6 18.99731287718639
26 7 7.963024521181398
26 8 4.493086289606594
26 9 5.961279258106888
26 10 5.491820287114835
26 11 8.485741499502069
26 12 8.979219564950347
26 16 1.012788085457191
26 17 7.478421573269144
26 18 19.89492953538617
26 19 13.50974908264229
26 20 27.59424236031183
26 21 17.49223352712714
26 22 8.994501215710651
26 23 26.5613372210939
26 24 9.969758345641463
26 25 42.07699054315091
26 26 18.98897080603545
26 27 33.91811994018342
26 28 0.5013054515700172
26 29 0.9986547143744333
26 30 1.00184770993787
26 31 2.506018790789411
26 32 5.007236140603935
26 35 0.5001192401207843
26 36 0.498496261823708
26 38 0.5000323112127673
26 40 0.5003705819646603
26 42 1.485356776108569
26 43 0.9997564991142227
26 47 0.499684041056384
26 50 0.4989059046840384
26 51 0.5005568655179714
26 52 0.5011196914482897
26 53 0.5026989602157744
26 56 0.499039698146977
26 58 0.501493571076573
26 59 0.9996895399808891
26 60 0.4985534175577752
26 62 1.000200410029033
26 66 0.4993773164711814
26 67 0.498599593119222
26 68 0.5000213442739524
26 69 0.4999639418359783
26 72 5.980850454162467
26 73 10.4921046535606
26 74 4.004099719858956
26 75 3.502526413423668
26 78 2.498695969178483
26 80 0.4998321197274374
26 82 0.5009070464710759
26 84 0.4994358968068873
26 85 0.9960851482385011
26 86 0.4999683999914828
26 87 0.500025733582266
26 88 0.4991840201634221
26 89 0.9978109425701284
26 93 1.000093591614047
26 97 0.4992889502698739
27 1 3.986379572562847
27 2 8.459951177055224
27 3 1.990953886819197
27 4 0.9973555509949851
27 5 0.9909212104652297
27 6 25.44975246788195
27 7 11.42599660020644
27 8 9.96639277917388
27 9 13.38849059175206
27 10 15.4486693927594
27 11 12.95448424998316
27 12 20.91326375742071
27 14 0.5073590475433803
27 15 0.5051116456321065
27 16 3.538185891694163
27 17 14.92955224397751
27 18 26.3127964429399
27 19 25.47168953944358
27 20 43.56891550417013
27 21 32.92503526889377
27 22 10.97317622252381
27 23 37.51784287427178
27 24 14.9273551126188
27 25 56.99979301160212
27 26 33.91811994018342
27 27 40.82658657736732
27 28 1.501157689463905
27 29 0.4984149547566538
27 30 0.5000054216601914
27 31 1.500853151436719
27 32 4.998060044594924
27 35 0.998407746122677
27 36 0.9951734487463263
27 38 0.499117542709424
27 39 1.499046544309787
27 40 0.9989088842629354
27 42 0.4942218522582771
27 43 0.4989637919584801
27 44 0.4988783764487196
27 49 0.4999167540260783
27 50 0.497994959194883
27 51 0.4996396928094167
27 53 0.5017737442909015
27 55 0.4986074612538732
27 58 0.5005735498903947
27 59 0.4989304547408817
27 60 1.492930524249199
27 61 0.9984005448325463
