%%MatrixMarket matrix coordinate real general
%
25 25 563
1 1 129.3528200215669
1 2 108.5631346270706
1 3 196.5318943967565
1 5 1.518939167847756
1 6 57.73502521592894
1 7 130.2962749952976
1 8 5.994546076736257
1 9 5.998757671858647
1 11 24.4619721093155
1 12 19.92119482149325
1 13 44.92827878766528
1 14 34.47412550367141
1 15 28.93380401791141
1 16 60.80315873372816
1 17 79.74385795794117
1 18 68.72043661310556
1 19 18.92285508289236
1 20 26.94072503641715
1 21 17.46232675622408
1 22 21.91185886612791
1 23 38.36888077918068
1 24 47.8731712510583
1 25 97.20396215181916
2 1 108.5631346270706
2 2 146.5538140239252
2 3 246.0290972493181
2 4 0.5115210849178564
2 5 2.027264424226635
2 6 73.73380789491917
2 7 263.8459183207362
2 8 3.500244097397772
2 9 9.006960685636356
2 11 3.497988248522706
2 12 2.492582540895902
2 13 4.497225732976012
2 14 3.000682882771064
2 15 3.495425808374755
2 16 16.46283509190735
2 17 6.984409128625737
2 18 8.97229062691348
2 19 45.85796694243468
2 20 25.96830602710468
2 21 1.997638187506149
2 22 6.480276292626048
2 23 7.9805262536402
2 24 6.489170443073982
2 25 12.97319482137789
3 1 196.5318943967565
3 2 246.0290972493181
3 3 371.2003998798004
3 4 0.5110505944710667
3 5 1.519057839748087
3 6 130.9094043706353
3 7 336.9992923327226
3 8 1.998336391930413
3 9 10.9985809642552
3 11 7.488940777310091
3 12 16.93432893317084
3 13 13.47952993484546
3 14 7.994625405504141
3 15 7.48345716819516
3 16 38.3787189397401
3 17 22.42968069490311
3 18 28.38672427136824
3 19 45.81679289956866
3 20 30.93434833478466
3 21 5.48858182141047
3 22 3.486242509586725
3 23 10.46506008266908
3 24 12.96664037612013
3 25 32.90233941955368
4 2 0.5115210849178564
4 3 0.5110505944710667
4 4 65.13273659222442
4 5 60.35496820300827
4 6 0.5112291081130823
4 7 3.076882836550703
4 8 0.5131584172387604
4 10 6.188273935356027
4 11 3.589733774047886
4 14 1.026507120269825
4 15 0.5124337111463902
4 16 0.5119367749444111
4 17 0.5119500698635951
4 22 1.023047995893263
4 23 1.023682684944357
4 24 0.5122437040894149
4 25 0.5120362618331161
5 1 1.518939167847756
5 2 2.027264424226635
5 3 1.519057839748087
5 4 60.35496820300827
5 5 177.3087734261552
5 6 3.039154365373411
5 7 22.86377501148598
5 10 6.641784543478128
5 17 1.014467971835149
5 23 0.5071261359123115
5 25 0.5073249511182469
6 1 57.73502521592894
6 2 73.73380789491917
6 3 130.9094043706353
6 4 0.5112291081130823
6 5 3.039154365373411
6 6 124.4804480410802
6 7 394.5465375496632
6 8 2.99851086341606
6 9 8.001661565295022
6 11 4.994293946157487
6 12 9.466475065512062
6 13 8.48996209765016
6 14 7.49750294256788
6 15 5.489716615482748
6 16 15.4563709531837
6 17 7.977676776087698
6 18 7.472695258205341
6 19 21.42155818507033
6 20 15.97149006918184
6 21 2.495650357749565
6 22 2.491008110854811
6 23 8.474555950903863
6 24 5.487739131966037
6 25 12.96588596511395
7 1 130.2962749952976
7 2 263.8459183207362
7 3 336.9992923327226
7 4 3.076882836550703
7 5 22.86377501148598
7 6 394.5465375496632
7 7 1557.923760890283
7 8 18.04566344353159
7 9 40.63138989107155
7 11 22.54250450872035
7 12 17.49098611204712
7 13 13.52493515865239
7 14 13.53640983375476
7 15 13.01499272589255
7 16 16.50334440555098
7 17 13.00296964867829
7 18 17.98871710004161
7 19 96.9382754112452
7 20 64.07947742568003
7 21 4.00513709728136
7 22 13.4921448679032
7 23 18.00042235696496
7 24 5.0039601089984
7 25 27.51086390178289
8 1 5.994546076736257
8 2 3.500244097397772
8 3 1.998336391930413
8 4 0.5131584172387604
8 6 2.99851086341606
8 7 18.04566344353159
8 8 61.19479512262116
8 9 38.65022401325147
8 10 1.008031599000663
8 11 163.9161519890365
8 12 14.00192274954531
8 13 118.2953974822642
8 14 161.0383607706315
8 15 169.8065910756789
8 16 20.01712559914143
8 17 40.03528874785709
8 18 54.50136473031679
8 19 7.000113541156663
8 20 46.5882068239809
8 21 49.09503894455226
8 22 60.50429516904458
8 23 42.02842377937932
8 24 35.55135819760288
8 25 107.6127503479109
9 1 5.998757671858647
9 2 9.006960685636356
9 3 10.9985809642552
9 6 8.001661565295022
9 7 40.63138989107155
9 8 38.65022401325147
9 9 35.16139871738113
9 10 1.008743919595822
9 11 90.79438458079439
9 12 9.508000044097233
9 13 53.17017175623361
9 14 75.8067682391665
9 15 63.65972877220961
9 16 12.51952248121336
9 17 20.53254362506717
9 18 31.52297586638548
9 19 12.50900387246548
9 20 45.61846828162677
9 21 17.54630863841129
9 22 40.03098506406278
9 23 32.54491417512546
9 24 20.04304199238194
9 25 58.10174151929472
10 4 6.188273935356027
10 5 6.641784543478128
10 8 1.008031599000663
10 9 1.008743919595822
10 10 46.59417277325727
10 11 7.555332102956583
10 12 0.5024741199952619
10 13 2.518335410016384
10 14 4.032771050320783
10 15 4.026533631820144
10 18 0.5024152878018842
10 20 1.006720945388729
10 21 1.006765269845444
10 22 1.507320261619815
10 24 1.5094053754723
10 25 2.514661733500946
11 1 24.4619721093155
11 2 3.497988248522706
11 3 7.488940777310091
11 4 3.589733774047886
11 6 4.994293946157487
11 7 22.54250450872035
11 8 163.9161519890365
11 9 90.79438458079439
11 10 7.555332102956583
11 11 518.9832937271522
11 12 58.97013009830517
11 13 355.6589089044783
11 14 540.4586076469868
11 15 510.5929367538742
11 16 67.01415711030677
11 17 121.5288471595469
11 18 157.4025674864375
11 19 8.994353998755813
11 20 119.1489283529141
11 21 145.6881434616631
11 22 174.3999969673965
11 23 120.0038579837588
11 24 95.07607346290908
11 25 313.1262820118739
12 1 19.92119482149325
12 2 2.492582540895902
12 3 16.93432893317084
12 6 9.466475065512062
12 7 17.49098611204712
12 8 14.00192274954531
12 9 9.508000044097233
12 10 0.5024741199952619
12 11 58.97013009830517
12 12 17.94781666091649
12 13 71.46081662498705
12 14 60.01786272347124
12 15 59.92570012517116
12 16 38.41588575814311
12 17 52.88555348607991
12 18 66.79827019458546
12 19 1.495472755319743
12 20 17.47986003260518
12 21 25.97117737144415
12 22 29.91102114664313
12 23 39.40665197072678
12 24 48.92168765141651
12 25 106.7866737114481
13 1 44.92827878766528
13 2 4.497225732976012
13 3 13.47952993484546
13 6 8.48996209765016
13 7 13.52493515865239
13 8 118.2953974822642
13 9 53.17017175623361
13 10 2.518335410016384
13 11 355.6589089044783
13 12 71.46081662498705
13 13 322.5840341549542
13 14 378.0042571867694
13 15 396.9443302855635
13 16 115.5196021191892
13 17 193.5377937835426
13 18 203.3655332260733
13 19 4.496988055827307
13 20 74.5900164772135
13 21 122.653267556452
13 22 143.9114146389848
13 23 123.9987935297022
13 24 121.0918235287669
13 25 341.1232530669035
14 1 34.47412550367141
14 2 3.000682882771064
14 3 7.994625405504141
14 4 1.026507120269825
14 6 7.49750294256788
14 7 13.53640983375476
14 8 161.0383607706315
14 9 75.8067682391665
14 10 4.032771050320783
14 11 540.4586076469868
14 12 60.01786272347124
14 13 378.0042571867694
14 14 537.8842630461357
14 15 503.4896435937014
14 16 88.59006633624942
14 17 163.1699625597537
14 18 193.5358276941596
14 19 7.001234066428686
14 20 112.7314732798691
14 21 163.8434057499422
14 22 161.0371828012856
14 23 130.1088141643333
14 24 111.1783784312522
14 25 365.941944036155
15 1 28.93380401791141
15 2 3.495425808374755
15 3 7.48345716819516
15 4 0.5124337111463902
15 6 5.489716615482748
15 7 13.01499272589255
15 8 169.8065910756789
15 9 63.65972877220961
15 10 4.026533631820144
15 11 510.5929367538742
15 12 59.92570012517116
15 13 396.9443302855635
15 14 503.4896435937014
15 15 475.203287335597
15 16 76.46011979920726
15 17 132.4342766048086
15 18 160.2832508549108
15 19 7.489808246365357
15 20 88.04544498110184
15 21 143.5801224352293
15 22 156.7951217460058
15 23 103.427506984992
15 24 89.5060225484881
15 25 303.8997284749192
16 1 60.80315873372816
16 2 16.46283509190735
16 3 38.3787189397401
16 4 0.5119367749444111
16 6 15.4563709531837
16 7 16.50334440555098
16 8 20.01712559914143
16 9 12.51952248121336
16 11 67.01415711030677
16 12 38.41588575814311
16 13 115.5196021191892
16 14 88.59006633624942
16 15 76.46011979920726
16 16 99.85308155094943
16 17 177.743045730629
16 18 186.5705574409698
16 19 9.976943885114943
16 20 51.47770321301537
16 21 52.97926962444909
16 22 66.35027523261576
16 23 112.3145760767832
16 24 129.3858138558934
16 25 301.1147001411421
17 1 79.74385795794117
17 2 6.984409128625737
17 3 22.42968069490311
17 4 0.5119500698635951
17 5 1.014467971835149
17 6 7.977676776087698
17 7 13.00296964867829
17 8 40.03528874785709
17 9 20.53254362506717
17 11 121.5288471595469
17 12 52.88555348607991
17 13 193.5377937835426
17 14 163.1699625597537
17 15 132.4342766048086
17 16 177.743045730629
17 17 297.5772801498907
17 18 306.8015387561793
17 19 11.97263549533668
17 20 118.9514267159683
17 21 101.4628968696201
17 22 142.6816786037877
17 23 222.6381638509595
17 24 202.3265707431979
17 25 557.8004367351762
18 1 68.72043661310556
18 2 8.97229062691348
18 3 28.38672427136824
18 6 7.472695258205341
18 7 17.98871710004161
18 8 54.50136473031679
18 9 31.52297586638548
18 10 0.5024152878018842
18 11 157.4025674864375
18 12 66.79827019458546
18 13 203.3655332260733
18 14 193.5358276941596
18 15 160.2832508549108
18 16 186.5705574409698
18 17 306.8015387561793
18 18 347.9100253164102
18 19 12.95929561874047
18 20 130.3351953871615
18 21 112.8620755123167
18 22 150.5352768535681
18 23 222.4480546332322
18 24 232.60150405365
18 25 545.349206279143
19 1 18.92285508289236
19 2 45.85796694243468
19 3 45.81679289956866
19 6 21.42155818507033
19 7 96.9382754112452
19 8 7.000113541156663
19 9 12.50900387246548
19 11 8.994353998755813
19 12 1.495472755319743
19 13 4.496988055827307
19 14 7.001234066428686
19 15 7.489808246365357
19 16 9.976943885114943
19 17 11.97263549533668
19 18 12.95929561874047
19 19 31.89951723923585
19 20 45.94149261074055
19 21 6.991395592890181
19 22 10.96604702999923
19 23 22.94286877471695
19 24 11.48023214942756
19 25 28.43974543433047
20 1 26.94072503641715
20 2 25.96830602710468
20 3 30.93434833478466
20 6 15.97149006918184
20 7 64.07947742568003
20 8 46.5882068239809
20 9 45.61846828162677
20 10 1.006720945388729
20 11 119.1489283529141
20 12 17.47986003260518
20 13 74.5900164772135
20 14 112.7314732798691
20 15 88.04544498110184
20 16 51.47770321301537
20 17 118.9514267159683
20 18 130.3351953871615
20 19 45.94149261074055
20 20 242.146133991189
20 21 51.03296835592708
20 22 112.3630573907346
20 23 165.8982494832196
20 24 111.0171680453102
20 25 285.9308014726132
21 1 17.46232675622408
21 2 1.997638187506149
21 3 5.48858182141047
21 6 2.495650357749565
21 7 4.00513709728136
21 8 49.09503894455226
21 9 17.54630863841129
21 10 1.006765269845444
21 11 145.6881434616631
21 12 25.97117737144415
21 13 122.653267556452
21 14 163.8434057499422
21 15 143.5801224352293
21 16 52.97926962444909
21 17 101.4628968696201
21 18 112.8620755123167
21 19 6.991395592890181
21 20 51.03296835592708
21 21 50.03443083404467
21 22 72.41482643869413
21 23 80.45405822458797
21 24 83.0163704605021
21 25 200.9599012119201
22 1 21.91185886612791
22 2 6.480276292626048
22 3 3.486242509586725
22 4 1.023047995893263
22 6 2.491008110854811
22 7 13.4921448679032
22 8 60.50429516904458
22 9 40.03098506406278
22 10 1.507320261619815
22 11 174.3999969673965
22 12 29.91102114664313
22 13 143.9114146389848
22 14 161.0371828012856
22 15 156.7951217460058
22 16 66.35027523261576
22 17 142.6816786037877
22 18 150.5352768535681
22 19 10.96604702999923
22 20 112.3630573907346
22 21 72.41482643869413
22 22 106.6755250900693
22 23 133.175650329199
22 24 109.317680270555
22 25 309.3612755522435
23 1 38.36888077918068
23 2 7.9805262536402
23 3 10.46506008266908
23 4 1.023682684944357
23 5 0.5071261359123115
23 6 8.474555950903863
23 7 18.00042235696496
23 8 42.02842377937932
23 9 32.54491417512546
23 11 120.0038579837588
23 12 39.40665197072678
23 13 123.9987935297022
23 14 130.1088141643333
23 15 103.427506984992
23 16 112.3145760767832
23 17 222.6381638509595
23 18 222.4480546332322
23 19 22.94286877471695
23 20 165.8982494832196
23 21 80.45405822458797
23 22 133.175650329199
23 23 195.6419539513909
23 24 175.3138138676751
23 25 431.3707179953022
24 1 47.8731712510583
24 2 6.489170443073982
24 3 12.96664037612013
24 4 0.5122437040894149
24 6 5.487739131966037
24 7 5.0039601089984
24 8 35.55135819760288
24 9 20.04304199238194
24 10 1.5094053754723
24 11 95.07607346290908
24 12 48.92168765141651
24 13 121.0918235287669
24 14 111.1783784312522
24 15 89.5060225484881
24 16 129.3858138558934
24 17 202.3265707431979
24 18 232.60150405365
24 19 11.48023214942756
24 20 111.0171680453102
24 21 83.0163704605021
24 22 109.317680270555
24 23 175.3138138676751
24 24 162.9521045504746
24 25 394.7273065515425
25 1 97.20396215181916
25 2 12.97319482137789
25 3 32.90233941955368
25 4 0.5120362618331161
25 5 0.5073249511182469
25 6 12.96588596511395
25 7 27.51086390178289
25 8 107.6127503479109
25 9 58.10174151929472
25 10 2.514661733500946
25 11 313.1262820118739
25 12 106.7866737114481
25 13 341.1232530669035
25 14 365.941944036155
25 15 303.8997284749192
25 16 301.1147001411421
25 17 557.8004367351762
25 18 545.349206279143
25 19 28.43974543433047
25 20 285.9308014726132
25 21 200.9599012119201
25 22 309.3612755522435
25 23 431.3707179953022
25 24 394.7273065515425
25 25 1046.861260172941
