%%MatrixMarket matrix coordinate real general
%
50 50 2282
1 1 46.83012253073987
1 2 12.94434253186952
1 3 18.40227620595883
1 4 30.45766012985849
1 5 48.77818305969679
1 6 48.25187604134944
1 7 79.73025466889248
1 9 1.520183403999895
1 10 9.461397613795198
1 11 26.40569633064318
1 12 23.0151272750857
1 13 19.50885439563951
1 14 2.987036292865747
1 15 35.44957469883575
1 16 0.9997615318911217
1 17 2.501057488550853
1 19 0.9991918589070734
1 20 4.495842394321603
1 21 8.47266528922211
1 22 4.493741999239517
1 23 5.493445792503974
1 24 1.999854769211459
1 25 4.493344944203223
1 26 2.501524395426189
1 27 5.504664928176584
1 28 1.993517827169477
1 29 1.000759823934114
1 30 1.497874828353353
1 31 6.968833026748901
1 32 14.98006236916139
1 33 18.45310770332634
1 34 12.46704442108511
1 35 8.478903278991229
1 36 16.43251799907834
1 37 13.45518740027689
1 38 0.4997220179337718
1 39 3.99664148411794
1 40 6.98556128210211
1 41 6.989435263430718
1 42 3.986998435236599
1 43 0.9964797777415604
1 44 3.494537193255789
1 45 7.473291669303053
1 46 16.46663339800352
1 47 3.994050633531774
1 48 11.47529725568377
1 49 9.965922801785659
1 50 4.990872836462466
2 1 12.94434253186952
2 2 6.9653693377088
2 3 4.970267562595384
2 4 4.989711493952607
2 5 6.963653563467813
2 6 12.427740508942
2 7 18.42528175586902
2 10 2.985811650514338
2 11 3.983100136494512
2 12 4.499931952624102
2 13 4.998909875967082
2 14 0.9950122450227745
2 15 4.49059448330553
2 16 2.497726977601162
2 17 1.499625808056846
2 19 3.494821373790783
2 20 2.995218313457104
2 21 5.976702297289929
2 22 7.983520746444496
2 23 4.491622044400201
2 24 3.497396548231843
2 25 1.995704801132513
2 26 1.999874959901786
2 27 4.50078903383115
2 28 4.98045979812077
2 29 2.500219852343179
2 30 3.492697452406499
2 31 9.451381047711839
2 32 12.47501191345304
2 33 11.46316752282638
2 34 9.966953124267706
2 35 6.977946994254979
2 36 14.43103842946654
2 37 2.988041059862554
2 38 0.4993863429635643
2 39 0.4992449421938999
2 40 4.986343804380057
2 41 6.984748978314786
2 42 4.482371048673571
2 43 1.991624667942539
2 44 5.986618907360983
2 45 10.9534920380701
2 46 13.96232454809014
2 47 5.488140712140421
2 48 7.97747036775679
2 49 13.94295643450732
2 50 7.481289692786972
3 1 18.40227620595883
3 2 4.970267562595384
3 3 2.979166297265812
3 4 7.975495629067182
3 5 9.441179197161986
3 6 18.37459384094412
3 7 19.40171078595097
3 10 5.468485814409467
3 11 9.450347389979729
3 12 8.491292261257064
3 13 10.48711382956477
3 14 1.491018775662542
3 15 13.95665880482528
3 16 2.495205181395291
3 17 1.997482507498979
3 19 6.483837545559241
3 20 5.984395723888378
3 21 5.473133804715076
3 22 7.477007868465168
3 23 5.484228141354342
3 24 3.992991186519835
3 25 4.98423010937709
3 26 3.496245426386917
3 27 4.995827779114733
3 28 6.468082096769325
3 29 2.997233787435931
3 30 3.987635872300959
3 31 7.951060399905559
3 32 8.972958081318824
3 33 14.93690611657736
3 34 12.44615790066659
3 35 12.44807691196958
3 36 9.94243996975769
3 37 2.48752894094901
3 38 1.995533368326618
3 39 1.496224473034887
3 40 5.977586914838652
3 41 3.488850109869328
3 42 8.458185321485988
3 43 1.989622320300309
3 44 4.485440232966858
3 45 5.968624001245035
3 46 17.43533228723004
3 47 2.99051464599966
3 48 11.95415048451351
3 49 10.94416107225949
3 50 5.979004865240488
4 1 30.45766012985849
4 2 4.989711493952607
4 3 7.975495629067182
4 4 25.02119900817987
4 5 33.42279166564111
4 6 35.39718001545976
4 7 65.42503736279225
4 9 1.523631331812397
4 10 4.990803285975403
4 11 24.96669766972749
4 12 32.092915053546
4 13 24.56611899903318
4 14 5.488456289075401
4 15 74.0603553236743
4 16 0.5010004569404144
4 17 4.01066796876608
4 19 2.002860047196224
4 20 0.5006575945621249
4 21 0.9990124124775892
4 22 0.5004234334677082
4 23 0.5005226547443837
4 24 0.5010849126604409
4 25 1.000756302353507
4 27 0.5015469659735032
4 28 1.498480956586154
4 29 0.5015032806316504
4 31 1.995540950631863
4 32 5.00453876459478
4 33 1.999393516041871
4 34 0.9995937429258234
4 35 1.499623776725439
4 36 2.495337310232395
4 37 18.97926403250174
4 38 1.502527102664774
4 39 2.503498723862265
4 40 3.500600121594593
4 41 1.000726591334785
4 42 2.497444201890467
4 43 0.9987066729914988
4 44 2.001349477529883
4 45 1.997332098568481
4 46 1.500316948431115
4 48 2.000171006991141
4 49 0.9988198641597886
4 50 2.501027343064361
5 1 48.77818305969679
5 2 6.963653563467813
5 3 9.441179197161986
5 4 33.42279166564111
5 5 54.70093039483793
5 6 53.17763220429156
5 7 92.10370643586072
5 8 0.510949339370586
5 9 0.5062561097446325
5 10 11.44278825892692
5 11 32.35469434885814
5 12 28.99239303747263
5 13 30.98556316608369
5 14 6.963369853137368
5 15 60.85745856926357
5 16 2.996528173428486
5 17 4.997514143472241
5 20 0.9981592231868219
5 21 1.493807035779623
5 22 0.9976933626080864
5 23 0.9978916143432724
5 24 0.9990083594509606
5 26 0.9996885489871125
5 27 0.4999638527597427
5 28 1.493770684363224
5 31 4.475865580774823
5 32 4.988771044797427
5 33 2.491376311684999
5 34 1.494675399387771
5 35 0.9966035857241796
5 36 3.979996044204432
5 37 26.8857305119192
5 38 2.496314326691082
5 39 7.486821547469381
5 40 8.47468885512713
5 41 0.9975746018756285
5 42 1.493754974316974
5 43 1.493351115942707
5 44 1.496284633690115
5 45 2.488815758705219
5 46 4.985312656289885
5 47 0.498798489710051
5 48 1.993873112687552
5 49 4.480558134880556
5 50 0.49862965707163
6 1 48.25187604134944
6 2 12.427740508942
6 3 18.37459384094412
6 4 35.39718001545976
6 5 53.17763220429156
6 6 48.675950712415
6 7 79.61009962020012
6 8 0.5106340104288941
6 9 1.011902399632628
6 10 18.89429261356861
6 11 33.82795346101019
6 12 39.46616116772451
6 13 33.96397560824084
6 14 6.4621641507874
6 15 72.28768739629679
6 16 1.497373191054238
6 17 4.495090552225023
6 19 1.496521794361253
6 20 1.995133046281762
6 21 7.464613460748875
6 22 1.495652561365753
6 23 1.994599044422966
6 24 1.497623248709408
6 25 1.994026075633762
6 26 0.999095151438275
6 27 1.499004376874379
6 28 2.985769739492097
6 29 0.4996228691199014
6 31 6.958339420655562
6 32 8.47588075675147
6 33 3.983842980133956
6 34 3.485506185210239
6 35 2.988038960144576
6 36 7.458078491114295
6 37 15.92285177579689
6 38 0.4989666427435335
6 39 4.988251985540595
6 40 4.483940812941256
6 41 2.990948813884806
6 42 0.4976214622260806
6 43 1.492466862458901
6 44 0.9969315204399131
6 45 1.492406651033934
6 46 4.484122147754356
6 47 1.994010577837005
6 48 2.49086535058358
6 49 4.477907716690773
6 50 2.491669034101795
7 1 79.73025466889248
7 2 18.42528175586902
7 3 19.40171078595097
7 4 65.42503736279225
7 5 92.10370643586072
7 6 79.61009962020012
7 7 163.4868165552055
7 9 0.5068531826095537
7 10 25.90065080143203
7 11 52.32592273355883
7 12 55.04963665936297
7 13 36.02515757473414
7 14 7.469405899851665
7 15 86.3982135529143
7 16 0.5000128865932146
7 17 6.504339107131708
7 19 0.9994349306857029
7 20 2.997963502777456
7 21 9.471756341195437
7 22 2.497134244468125
7 23 3.496684657394794
7 24 2.500428725465512
7 25 0.9987630498095647
7 26 0.5004273532916749
7 27 2.002186075209363
7 28 2.492505046878373
7 30 1.498240607891286
7 31 8.962108554753001
7 32 13.98480490260527
7 33 9.977088151219334
7 34 4.988035391425048
7 35 6.485447863216795
7 36 11.45575442170469
7 37 29.90770563322559
7 38 2.499221345346993
7 39 6.995830190225998
7 40 11.47908174071848
7 41 2.496836323928983
7 42 0.9969926479718393
7 43 0.4983612992871992
7 44 2.996049305760313
7 45 4.983408405112043
7 46 8.484880342989543
7 47 3.995028501183202
7 48 4.990476402479999
7 49 6.977846305854126
7 50 5.49129954552572
8 5 0.510949339370586
8 6 0.5106340104288941
8 8 65.14838019337732
8 9 60.36971007204675
8 11 0.511458912887932
8 12 1.027362751384188
8 13 0.5135728099483189
8 15 1.537759182107686
8 16 0.5132125256027894
8 18 6.189374211581018
8 19 1.538724360906209
8 20 2.051390890913496
8 25 0.5125551877705001
8 27 0.5137819271130222
8 29 0.5137358504020244
8 31 0.5109882050177948
8 34 0.5119454856898285
8 42 1.023244971241583
8 44 1.025023405206322
8 46 0.5122688506704991
8 48 0.5122030186887958
9 1 1.520183403999895
9 4 1.523631331812397
9 5 0.5062561097446325
9 6 1.011902399632628
9 7 0.5068531826095537
9 8 60.36971007204675
9 9 177.3526511590874
9 10 0.5064956611140453
9 11 2.5337844522021
9 12 6.616193810626742
9 13 3.052996801123669
9 14 1.519085989482233
9 15 11.68084637162469
9 18 6.642990706492407
9 34 1.014467717837082
9 45 0.5067555067864501
9 49 0.5068350457029656
10 1 9.461397613795198
10 2 2.985811650514338
10 3 5.468485814409467
10 4 4.990803285975403
10 5 11.44278825892692
10 6 18.89429261356861
10 7 25.90065080143203
10 9 0.5064956611140453
10 10 3.981953383981775
10 11 22.90782607217311
10 12 32.50665525269287
10 13 16.50002502362166
10 14 4.976148698214216
10 15 41.92139836405072
10 16 1.498964039501897
10 17 2.999910200554496
10 19 0.9987399999879765
10 20 0.9986254986328899
10 21 4.483507816021238
10 22 3.992635624366139
10 23 0.499178525583406
10 24 1.998951150921425
10 25 1.996139972925718
10 26 1.500235780710638
10 27 1.500592784435876
10 28 0.9963098207906007
10 29 0.5001539122063969
10 30 0.4990651308440373
10 31 2.985298190595828
10 32 3.992878482800561
10 33 3.489555733095818
10 34 0.996913402571416
10 35 1.495602059618419
10 36 2.488653990648902
10 37 5.977388290180646
10 38 0.9989926564483194
10 39 0.9987087635853272
10 40 1.496230868061012
10 41 1.497060450396953
10 42 0.498150272870265
10 44 1.496983119463797
10 45 2.489974158965477
10 46 1.995054426979158
10 47 2.495154836354303
10 48 1.994803955778301
10 49 1.992286534073227
10 50 2.494310504720915
11 1 26.40569633064318
11 2 3.983100136494512
11 3 9.450347389979729
11 4 24.96669766972749
11 5 32.35469434885814
11 6 33.82795346101019
11 7 52.32592273355883
11 8 0.511458912887932
11 9 2.5337844522021
11 10 22.90782607217311
11 11 74.73732515926669
11 12 81.55820815728445
11 13 57.52936150263502
11 14 16.9274851771648
11 15 142.8048921780406
11 16 1.499726514255592
11 17 5.002396157015174
11 19 0.4996236794013443
11 20 2.497831941038743
11 21 4.98420189943914
11 23 0.4994322430432385
11 24 1.499975899060174
11 25 0.9985766341231843
11 27 1.501357079847312
11 28 0.9968154801073985
11 29 1.501224394189459
11 30 0.9986389454466691
11 31 1.991207841777992
11 32 6.491726109656131
11 33 1.496281855765688
11 34 1.994837239626552
11 35 2.493935087655619
11 36 0.9959658538765891
11 37 15.44941755771531
11 38 1.999001360947982
11 39 6.494908563258482
11 40 3.991975101570933
11 41 0.9985471907742594
11 42 1.495209204160273
11 43 0.4982679104193503
11 44 1.996990818338516
11 45 2.491237075250434
11 46 3.493119682746372
11 48 0.9979081066987834
11 49 1.494974102048772
11 50 1.497346349137169
12 1 23.0151272750857
12 2 4.499931952624102
12 3 8.491292261257064
12 4 32.092915053546
12 5 28.99239303747263
12 6 39.46616116772451
12 7 55.04963665936297
12 8 1.027362751384188
12 9 6.616193810626742
12 10 32.50665525269287
12 11 81.55820815728445
12 12 116.5761387092633
12 13 78.87372652149202
12 14 17.4990275298589
12 15 207.0928486996396
12 16 3.514218886021292
12 17 7.535473307380721
12 19 1.003487832802763
12 20 1.505056837682267
12 21 6.50689042892914
12 22 2.507253197787255
12 23 0.5015506275113197
12 24 0.5021150922273886
12 25 1.002811757324575
12 27 1.005159130110852
12 28 0.5005167500607317
12 30 0.501437441921571
12 31 1.499718834323611
12 32 4.011850849327037
12 33 2.003493832139185
12 34 0.5008220602634881
12 35 2.00359271290475
12 36 3.000535049074979
12 37 21.52053496879105
12 38 1.505613972662042
12 39 1.505184332091907
12 40 8.017785326060006
12 41 1.002780205364569
12 42 0.5005125759632111
12 43 0.5003745195060688
12 44 0.5013638910380952
12 45 1.50106833064833
12 46 1.503395458823725
12 47 1.002802645012065
12 48 1.002136870871768
12 49 1.000866238301716
12 50 2.004924137667006
13 1 19.50885439563951
13 2 4.998909875967082
13 3 10.48711382956477
13 4 24.56611899903318
13 5 30.98556316608369
13 6 33.96397560824084
13 7 36.02515757473414
13 8 0.5135728099483189
13 9 3.052996801123669
13 10 16.50002502362166
13 11 57.52936150263502
13 12 78.87372652149202
13 13 59.26878830681522
13 14 13.4965070968855
13 15 140.3732467339933
13 16 3.011572551010968
13 17 6.529409447245405
13 19 1.003282763723406
13 20 3.511084273372139
13 21 2.502140805891776
13 22 1.002696712583417
13 23 2.005793987975628
13 24 0.5020126088884166
13 25 0.501303364968101
13 27 0.5024761131306913
13 28 1.501246241790159
13 30 1.002670255380364
13 31 1.999218898596725
13 32 2.005516107107649
13 33 1.502314102816533
13 34 2.002880235727833
13 35 2.503990625007433
13 36 3.499911976130688
13 37 22.0165331560878
13 38 3.512382137979106
13 39 6.521135767585236
13 40 7.014131118728596
13 41 0.5012885380182327
13 42 2.001642448329387
13 43 1.000549120822239
13 44 1.503786922255903
13 45 2.501270112718476
13 46 1.002059453068634
13 48 4.007730706993876
13 49 1.500993819514237
13 50 1.503385995012823
14 1 2.987036292865747
14 2 0.9950122450227745
14 3 1.491018775662542
14 4 5.488456289075401
14 5 6.963369853137368
14 6 6.4621641507874
14 7 7.469405899851665
14 9 1.519085989482233
14 10 4.976148698214216
14 11 16.9274851771648
14 12 17.4990275298589
14 13 13.4965070968855
14 14 1.9899443268176
14 15 40.41370556067469
14 16 3.996196155504605
14 17 7.497822931611752
14 19 3.993920067488993
14 20 3.993461140685781
14 21 0.4980382942634914
14 23 0.4990489552669962
14 25 1.496716404543034
14 26 1.999792071571228
14 27 1.500201893394856
14 28 2.490127536547533
14 29 1.500070513500989
14 30 0.9978727924279489
14 32 0.498981699953337
14 34 1.993309720874124
14 35 0.4984044992165679
14 36 1.990408177598297
14 37 5.477851803538682
14 38 0.9987328743051503
14 39 1.497674154266361
14 40 2.493070739259092
14 41 0.4988905235563781
14 42 1.494062173886494
14 43 3.485202524174055
14 44 1.995458113767411
14 45 2.987194901735967
14 46 0.9972680239615115
14 47 0.9978031439998343
14 48 1.495714546581669
14 49 1.991770224666194
14 50 1.496196950038081
15 1 35.44957469883575
15 2 4.49059448330553
15 3 13.95665880482528
15 4 74.0603553236743
15 5 60.85745856926357
15 6 72.28768739629679
15 7 86.3982135529143
15 8 1.537759182107686
15 9 11.68084637162469
15 10 41.92139836405072
15 11 142.8048921780406
15 12 207.0928486996396
15 13 140.3732467339933
15 14 40.41370556067469
15 15 385.3015597594447
15 16 7.514773681017687
15 17 19.0500600384395
15 19 3.00419239040899
15 20 4.505771592931407
15 21 7.991841461470189
15 22 3.502848086505302
15 23 2.002025514046313
15 24 0.5010687091766857
15 25 2.501811589376982
15 26 1.002822206215766
15 27 2.006124029756586
15 28 1.498432338127345
15 30 3.002361359232885
15 31 1.995475281630603
15 32 4.50393641755867
15 33 2.499161338973235
15 34 2.498904701817845
15 35 2.499292656829711
15 36 1.996203894362898
15 37 47.94605013976208
15 38 8.01321410108784
15 39 13.51844933181787
15 40 9.501314061602312
15 41 2.001388601386073
15 42 1.498418801246117
15 43 2.996022041868105
15 44 2.001284848595606
15 45 4.993166309813124
15 46 1.500267657459635
15 47 1.000715941335798
15 48 2.500132254405935
15 49 3.495757291494256
15 50 2.50093986656436
16 1 0.9997615318911217
16 2 2.497726977601162
16 3 2.495205181395291
16 4 0.5010004569404144
16 5 2.996528173428486
16 6 1.497373191054238
16 7 0.5000128865932146
16 8 0.5132125256027894
16 10 1.498964039501897
16 11 1.499726514255592
16 12 3.514218886021292
16 13 3.011572551010968
16 14 3.996196155504605
16 15 7.514773681017687
16 16 61.1927584346104
16 17 38.6473037429674
16 18 1.008073651936108
16 19 85.72109382934329
16 20 78.19269308304035
16 21 14.00227741091926
16 22 35.57102468951477
16 23 42.59352611108758
16 24 40.13309273770278
16 25 57.1089432801944
16 26 50.20070376224297
16 27 53.72760755154005
16 28 67.50928611981493
16 29 39.66455624723604
16 30 62.62337875552723
16 31 5.4940482336932
16 32 14.52990236192795
16 33 23.01951205777128
16 34 17.01268165526985
16 35 29.02613849553422
16 36 25.48170714460304
16 37 7.000408511269756
16 38 10.52983146721924
16 39 5.012774163292889
16 40 31.04103592505923
16 41 49.09216781426374
16 42 32.00409227709765
16 43 28.49590145163168
16 44 18.53383535655028
16 45 23.49565556999136
16 46 35.54843082189445
16 47 17.03235729247041
16 48 24.53032689878445
16 49 38.49883036848769
16 50 27.54296449688167
17 1 2.501057488550853
17 2 1.499625808056846
17 3 1.997482507498979
17 4 4.01066796876608
17 5 4.997514143472241
17 6 4.495090552225023
17 7 6.504339107131708
17 10 2.999910200554496
17 11 5.002396157015174
17 12 7.535473307380721
17 13 6.529409447245405
17 14 7.497822931611752
17 15 19.0500600384395
17 16 38.6473037429674
17 17 35.15726394990698
17 18 1.008746276242909
17 19 45.1463012532957
17 20 45.64266126380515
17 21 9.507835929069087
17 22 16.04264499474349
17 23 21.06016991772064
17 24 16.06390109018189
17 25 36.09272418356109
17 26 16.07489586327582
17 27 23.61566309882468
17 28 29.52358783835294
17 29 19.09183539173552
17 30 15.03957786403904
17 31 5.997468752216841
17 32 6.517721610212347
17 33 10.01511673819069
17 34 10.51479481034375
17 35 15.02346577794348
17 36 16.49906909693916
17 37 12.509001618917
17 38 10.03506332053441
17 39 10.53380939884391
17 40 25.04968328629942
17 41 17.54454283907174
17 42 15.51224317633361
17 43 24.51268583087595
17 44 13.53365572550667
17 45 19.00905303861298
17 46 20.04055730729297
17 47 10.02567773653431
17 48 14.52756901144801
17 49 20.01262993665694
17 50 13.5300558329981
18 8 6.189374211581018
18 9 6.642990706492407
18 16 1.008073651936108
18 17 1.008746276242909
18 18 46.5996605957661
18 19 5.037470962254621
18 20 2.518444026796734
18 21 0.502523955814475
18 22 1.006899094677709
18 23 0.5035524004656134
18 24 1.00824363016412
18 25 0.5034064330207184
18 26 0.5044685606592894
18 27 3.027537212667057
18 28 1.507532242016333
18 29 0.5045439682507133
18 30 2.013752030514566
18 36 0.5020793496929493
18 40 1.006219245831129
18 41 1.006782202131481
18 42 0.5025053366587334
18 43 1.004737837926501
18 46 1.509390513514918
18 47 0.5034027094152053
18 48 1.006132262166821
18 49 0.5024258506440309
18 50 0.5032300734043506
19 1 0.9991918589070734
19 2 3.494821373790783
19 3 6.483837545559241
19 4 2.002860047196224
19 6 1.496521794361253
19 7 0.9994349306857029
19 8 1.538724360906209
19 10 0.9987399999879765
19 11 0.4996236794013443
19 12 1.003487832802763
19 13 1.003282763723406
19 14 3.993920067488993
19 15 3.00419239040899
19 16 85.72109382934329
19 17 45.1463012532957
19 18 5.037470962254621
19 19 120.2414917119524
19 20 130.2466232513692
19 21 27.48878336321798
19 22 44.06283088396864
19 23 68.11067762274692
19 24 59.16243282741834
19 25 101.1352149931911
19 26 66.22697824067758
19 27 104.3826249277174
19 28 109.4525617642301
19 29 73.76394059978732
19 30 76.60720018016478
19 31 7.986790452533837
19 32 20.53053088008092
19 33 35.00969402250478
19 34 27.00471877325915
19 35 34.51138632393626
19 36 37.95109864937179
19 37 1.998975900391271
19 38 19.04307435834945
19 39 4.508916237770288
19 40 29.52217545075574
19 41 70.09158542439769
19 42 43.48074342840422
19 43 40.47108000827124
19 44 24.0301495949283
19 45 21.98338795882557
19 46 45.53605211918418
19 47 23.03060414718032
19 48 47.53163014533151
19 49 44.97297031665253
19 50 38.03762602279119
20 1 4.495842394321603
20 2 2.995218313457104
20 3 5.984395723888378
20 4 0.5006575945621249
20 5 0.9981592231868219
20 6 1.995133046281762
20 7 2.997963502777456
20 8 2.051390890913496
20 10 0.9986254986328899
20 11 2.497831941038743
20 12 1.505056837682267
20 13 3.511084273372139
20 14 3.993461140685781
20 15 4.505771592931407
20 16 78.19269308304035
20 17 45.64266126380515
20 18 2.518444026796734
20 19 130.2466232513692
20 20 138.2458831978479
20 21 31.48353528351339
20 22 56.0735119982598
20 23 68.10284046390629
20 24 60.15825078921294
20 25 108.6327378359883
20 26 60.70105181345179
20 27 99.35275397356375
20 28 95.94740431141469
20 29 71.24673840564435
20 30 83.60738601269985
20 31 14.47439273208545
20 32 24.03297457741547
20 33 31.00501772147948
20 34 28.5017021482765
20 35 40.00859187264039
20 36 44.93692745359984
20 37 6.995608946775378
20 38 18.03872915167424
20 39 8.014929242763914
20 40 40.02546421845975
20 41 75.59008152260567
20 42 43.97546989850699
20 43 46.46146115384161
20 44 28.03194898661684
20 45 45.95998876654453
20 46 49.5335229971153
20 47 33.54071735055135
20 48 41.02258338083445
20 49 46.46672634968733
20 50 38.53368893709482
21 1 8.47266528922211
21 2 5.976702297289929
21 3 5.473133804715076
21 4 0.9990124124775892
21 5 1.493807035779623
21 6 7.464613460748875
21 7 9.471756341195437
21 10 4.483507816021238
21 11 4.98420189943914
21 12 6.50689042892914
21 13 2.502140805891776
21 14 0.4980382942634914
21 15 7.991841461470189
21 16 14.00227741091926
21 17 9.507835929069087
21 18 0.502523955814475
21 19 27.48878336321798
21 20 31.48353528351339
21 21 17.94930339713845
21 22 22.47773366263467
21 23 26.47903797825735
21 24 22.50740612905533
21 25 20.4778927434756
21 26 12.51264339524205
21 27 27.03376562190474
21 28 19.94316426227227
21 29 19.52267292959567
21 30 20.47916856597446
21 31 12.94729802043896
21 32 25.47632051777734
21 33 26.94235552140849
21 34 25.94184311013803
21 35 33.92920302685555
21 36 32.87818205128146
21 37 1.495619522441481
21 38 0.9998455143038013
21 39 2.998680677179968
21 40 13.47755744325636
21 41 25.97117540381964
21 42 18.4472534885122
21 43 11.46410285339273
21 44 17.97911391695047
21 45 21.43201067211243
21 46 48.92051690896411
21 47 19.47881914919701
21 48 27.4519316076571
21 49 34.39620651750913
21 50 25.463657407593
22 1 4.493741999239517
22 2 7.983520746444496
22 3 7.477007868465168
22 4 0.5004234334677082
22 5 0.9976933626080864
22 6 1.495652561365753
22 7 2.497134244468125
22 10 3.992635624366139
22 12 2.507253197787255
22 13 1.002696712583417
22 15 3.502848086505302
22 16 35.57102468951477
22 17 16.04264499474349
22 18 1.006899094677709
22 19 44.06283088396864
22 20 56.0735119982598
22 21 22.47773366263467
22 22 46.03882409222918
22 23 33.53495954792636
22 24 28.56177719578177
22 25 48.03623309441598
22 26 17.54992257092523
22 27 45.1391600428311
22 28 50.94824233963405
22 29 29.08712899783157
22 30 40.03269842662937
22 31 13.4698660717515
22 32 26.52398937084067
22 33 43.98655729447518
22 34 29.98777043825137
22 35 34.99115901771306
22 36 46.41315429558522
22 37 2.996718133757056
22 38 7.512617830820328
22 39 3.504889999887044
22 40 17.0028672761342
22 41 46.53369563853806
22 42 28.97029276761911
22 43 21.9714976111617
22 44 20.01345272400889
22 45 30.45923825689922
22 46 47.0098313343638
22 47 23.01718020291526
22 48 39.00323875332581
22 49 48.44266161208772
22 50 27.51118899382959
23 1 5.493445792503974
23 2 4.491622044400201
23 3 5.484228141354342
23 4 0.5005226547443837
23 5 0.9978916143432724
23 6 1.994599044422966
23 7 3.496684657394794
23 10 0.499178525583406
23 11 0.4994322430432385
23 12 0.5015506275113197
23 13 2.005793987975628
23 14 0.4990489552669962
23 15 2.002025514046313
23 16 42.59352611108758
23 17 21.06016991772064
23 18 0.5035524004656134
23 19 68.11067762274692
23 20 68.10284046390629
23 21 26.47903797825735
23 22 33.53495954792636
23 23 39.04848164373796
23 24 43.60298620281615
23 25 51.54915073751618
23 26 41.12516766422932
23 27 54.17782258315822
23 28 58.45225421242497
23 29 38.12177292423064
23 30 44.04473826785351
23 31 19.46034455227545
23 32 23.52596055566674
23 33 36.49610804408292
23 34 31.9933163252012
23 35 29.49841777239638
23 36 37.93656853240149
23 37 1.498657036749081
23 38 7.514117272022413
23 39 2.503991071417113
23 40 17.50643496701556
23 41 45.04157941497895
23 42 19.98348527740219
23 43 24.47312543932384
23 44 18.01569755389622
23 45 15.98179023558422
23 46 41.01673994275268
23 47 18.51750709630613
23 48 26.00733201858668
23 49 40.95967093963622
23 50 27.51666441226788
24 1 1.999854769211459
24 2 3.497396548231843
24 3 3.992991186519835
24 4 0.5010849126604409
24 5 0.9990083594509606
24 6 1.497623248709408
24 7 2.500428725465512
24 10 1.998951150921425
24 11 1.499975899060174
24 12 0.5021150922273886
24 13 0.5020126088884166
24 15 0.5010687091766857
24 16 40.13309273770278
24 17 16.06390109018189
24 18 1.00824363016412
24 19 59.16243282741834
24 20 60.15825078921294
24 21 22.50740612905533
24 22 28.56177719578177
24 23 43.60298620281615
24 24 26.09083994602191
24 25 42.58832523637577
24 26 30.62754211284846
24 27 47.20783622171644
24 28 48.01457945203514
24 29 37.66251624229977
24 30 50.60812669051727
24 31 10.49038254897237
24 32 22.04903988651056
24 33 30.53095867932549
24 34 20.51870728593861
24 35 24.52616638737054
24 36 29.9834658233544
24 38 3.510528677677277
24 39 1.504083112128015
24 40 14.02086776020647
24 41 31.06348522665168
24 42 24.50720812627473
24 43 24.00053906791087
24 44 17.53492534956698
24 45 21.9995891990178
24 46 33.05052303371633
24 47 14.02898583593218
24 48 20.5287879655641
24 49 28.00380882383894
24 50 27.54755729852581
25 1 4.493344944203223
25 2 1.995704801132513
25 3 4.98423010937709
25 4 1.000756302353507
25 6 1.994026075633762
25 7 0.9987630498095647
25 8 0.5125551877705001
25 10 1.996139972925718
25 11 0.9985766341231843
25 12 1.002811757324575
25 13 0.501303364968101
25 14 1.496716404543034
25 15 2.501811589376982
25 16 57.1089432801944
25 17 36.09272418356109
25 18 0.5034064330207184
25 19 101.1352149931911
25 20 108.6327378359883
25 21 20.4778927434756
25 22 48.03623309441598
25 23 51.54915073751618
25 24 42.58832523637577
25 25 74.04926496795231
25 26 50.13815775039863
25 27 75.72672750978681
25 28 72.41998123336059
25 29 53.15448844285169
25 30 58.04224142802972
25 31 13.96751354566159
25 32 19.01550596765045
25 33 31.48757168746101
25 34 27.98609226386252
25 35 31.98906688056701
25 36 35.43054675759024
25 37 3.49585930672817
25 38 12.01911435206716
25 39 7.009154016318098
25 40 23.0018307850319
25 41 61.03876434390931
25 42 25.97105534755445
25 43 31.95571052756349
25 44 18.01050304162518
25 45 24.96436784639941
25 46 41.00492108452386
25 47 17.01118539964076
25 48 36.49977745971465
25 49 46.44089532413279
25 50 34.51096051673328
26 1 2.501524395426189
26 2 1.999874959901786
26 3 3.496245426386917
26 5 0.9996885489871125
26 6 0.999095151438275
26 7 0.5004273532916749
26 10 1.500235780710638
26 14 1.999792071571228
26 15 1.002822206215766
26 16 50.20070376224297
26 17 16.07489586327582
26 18 0.5044685606592894
26 19 66.22697824067758
26 20 60.70105181345179
26 21 12.51264339524205
26 22 17.54992257092523
26 23 41.12516766422932
26 24 30.62754211284846
26 25 50.13815775039863
26 26 38.18505952755756
26 27 51.26061979288367
26 28 55.05425662335279
26 29 32.66320446344737
26 30 38.10738949965266
26 31 7.49823367199516
26 32 14.54225871259829
26 33 23.53991877059482
26 34 13.52154458510905
26 35 21.03678752358768
26 36 27.00351617979666
26 37 0.5004532458897483
26 38 8.029554378229037
26 39 5.017041299847482
26 40 13.52935375220696
26 41 36.09838048332265
26 42 23.52295420853639
26 43 19.51373954723011
26 44 15.5415500295483
26 45 20.01326930118884
26 46 27.05981747428252
26 47 14.03857611912544
26 48 24.55116864293441
26 49 31.52577327261785
26 50 19.54707002646741
27 1 5.504664928176584
27 2 4.50078903383115
27 3 4.995827779114733
27 4 0.5015469659735032
27 5 0.4999638527597427
27 6 1.499004376874379
27 7 2.002186075209363
27 8 0.5137819271130222
27 10 1.500592784435876
27 11 1.501357079847312
27 12 1.005159130110852
27 13 0.5024761131306913
27 14 1.500201893394856
27 15 2.006124029756586
27 16 53.72760755154005
27 17 23.61566309882468
27 18 3.027537212667057
27 19 104.3826249277174
27 20 99.35275397356375
27 21 27.03376562190474
27 22 45.1391600428311
27 23 54.17782258315822
27 24 47.20783622171644
27 25 75.72672750978681
27 26 51.26061979288367
27 27 71.37993052034879
27 28 74.09067066171316
27 29 49.25786797164037
27 30 70.7161432698158
27 31 11.50003292434573
27 32 22.06938830337383
27 33 40.07751433138375
27 34 26.54862971193632
27 35 39.07764340607633
27 36 39.01437563759746
27 37 3.003439167804647
27 38 13.05115122719546
27 39 5.018239179265714
27 40 26.06276387429543
27 41 66.69767199447111
27 42 30.03647176674138
27 43 30.02830652041484
27 44 20.55986912605677
27 45 31.0279729821834
27 46 43.10555682308507
27 47 18.55540986802453
27 48 39.59195504451423
27 49 44.54704210486885
27 50 39.10348055821164
28 1 1.993517827169477
28 2 4.98045979812077
28 3 6.468082096769325
28 4 1.498480956586154
28 5 1.493770684363224
28 6 2.985769739492097
28 7 2.492505046878373
28 10 0.9963098207906007
28 11 0.9968154801073985
28 12 0.5005167500607317
28 13 1.501246241790159
28 14 2.490127536547533
28 15 1.498432338127345
28 16 67.50928611981493
28 17 29.52358783835294
28 18 1.507532242016333
28 19 109.4525617642301
28 20 95.94740431141469
28 21 19.94316426227227
28 22 50.94824233963405
28 23 58.45225421242497
28 24 48.01457945203514
28 25 72.41998123336059
28 26 55.05425662335279
28 27 74.09067066171316
28 28 81.76492832400912
28 29 43.04891005867035
28 30 68.42867404247163
28 31 12.44901022275547
28 32 21.97901363584511
28 33 28.43843620120296
28 34 27.43779340294296
28 35 31.93255637012868
28 36 42.34205505731784
28 37 3.988218825819817
28 38 10.49811554209588
28 39 4.497912468941354
28 40 18.96793149261665
28 41 59.43254026062103
28 42 33.40364012032091
28 43 32.39774047939574
28 44 17.97865954629129
28 45 23.92350449684674
28 46 36.93904905397928
28 47 17.9799911415269
28 48 34.43882555350849
28 49 37.38623696146795
28 50 38.44415992164082
29 1 1.000759823934114
29 2 2.500219852343179
29 3 2.997233787435931
29 4 0.5015032806316504
29 6 0.4996228691199014
29 8 0.5137358504020244
29 10 0.5001539122063969
29 11 1.501224394189459
29 14 1.500070513500989
29 16 39.66455624723604
29 17 19.09183539173552
29 18 0.5045439682507133
29 19 73.76394059978732
29 20 71.24673840564435
29 21 19.52267292959567
29 22 29.08712899783157
29 23 38.12177292423064
29 24 37.66251624229977
29 25 53.15448844285169
29 26 32.66320446344737
29 27 49.25786797164037
29 28 43.04891005867035
29 29 29.15007398543021
29 30 45.1339995305368
29 31 4.499619111998874
29 32 12.53832626099928
29 33 18.53422071921287
29 34 13.02270944578186
29 35 19.03615720644789
29 36 19.50548082927826
29 37 2.00211618328372
29 38 4.517309290287603
29 39 4.516019851130313
29 40 12.52907570354483
29 41 36.60527870838941
29 42 23.02593981801738
29 43 22.018822827614
29 44 13.0368201006765
29 45 13.51099043313698
29 46 24.0568009341665
29 47 19.05523151463692
29 48 22.5503958041956
29 49 20.51986936404392
29 50 19.04876117882193
30 1 1.497874828353353
30 2 3.492697452406499
30 3 3.987635872300959
30 7 1.498240607891286
30 10 0.4990651308440373
30 11 0.9986389454466691
30 12 0.501437441921571
30 13 1.002670255380364
30 14 0.9978727924279489
30 15 3.002361359232885
30 16 62.62337875552723
30 17 15.03957786403904
30 18 2.013752030514566
30 19 76.60720018016478
30 20 83.60738601269985
30 21 20.47916856597446
30 22 40.03269842662937
30 23 44.04473826785351
30 24 50.60812669051727
30 25 58.04224142802972
30 26 38.10738949965266
30 27 70.7161432698158
30 28 68.42867404247163
30 29 45.1339995305368
30 30 51.04033673845736
30 31 9.977417531581823
30 32 15.01318061307119
30 33 27.99070348713887
30 34 16.99261823157449
30 35 26.992461571728
30 36 20.46117281158575
30 37 1.498319478068225
30 38 7.512417371058463
30 39 5.006851367557542
30 40 20.00284259604975
30 41 47.53315610180764
30 42 21.9768806762594
30 43 23.96827199302525
30 44 15.00969026526591
30 45 19.97274274632446
30 46 28.50520628187344
30 47 10.50756483986961
30 48 25.50143710226722
30 49 26.46797034561356
30 50 32.01217050392537
31 1 6.968833026748901
31 2 9.451381047711839
31 3 7.951060399905559
31 4 1.995540950631863
31 5 4.475865580774823
31 6 6.958339420655562
31 7 8.962108554753001
31 8 0.5109882050177948
31 10 2.985298190595828
31 11 1.991207841777992
31 12 1.499718834323611
31 13 1.999218898596725
31 15 1.995475281630603
31 16 5.4940482336932
31 17 5.997468752216841
31 19 7.986790452533837
31 20 14.47439273208545
31 21 12.94729802043896
31 22 13.4698660717515
31 23 19.46034455227545
31 24 10.49038254897237
31 25 13.96751354566159
31 26 7.49823367199516
31 27 11.50003292434573
31 28 12.44901022275547
31 29 4.499619111998874
31 30 9.977417531581823
31 31 14.92067568169282
31 32 26.44246994803196
31 33 40.86164950829527
31 34 38.86443782915185
31 35 28.40532720281642
31 36 53.23640648014485
31 37 4.481290323574325
31 38 4.993006817525839
31 39 3.993270677761062
31 40 10.46952073040519
31 41 26.43770975525014
31 42 21.91004801809973
31 43 5.973850387359699
31 44 15.96156373383707
31 45 30.36583044360496
31 46 57.83395676835124
31 47 15.96275247291449
31 48 30.90736358558962
31 49 38.83441787514046
31 50 29.42134334123666
32 1 14.98006236916139
32 2 12.47501191345304
32 3 8.972958081318824
32 4 5.00453876459478
32 5 4.988771044797427
32 6 8.47588075675147
32 7 13.98480490260527
32 10 3.992878482800561
32 11 6.491726109656131
32 12 4.011850849327037
32 13 2.005516107107649
32 14 0.498981699953337
32 15 4.50393641755867
32 16 14.52990236192795
32 17 6.517721610212347
32 19 20.53053088008092
32 20 24.03297457741547
32 21 25.47632051777734
32 22 26.52398937084067
32 23 23.52596055566674
32 24 22.04903988651056
32 25 19.01550596765045
32 26 14.54225871259829
32 27 22.06938830337383
32 28 21.97901363584511
32 29 12.53832626099928
32 30 15.01318061307119
32 31 26.44246994803196
32 32 32.03093349821187
32 33 47.48839091446249
32 34 50.48249759126023
32 35 45.9911878146487
32 36 58.89340066414901
32 37 5.494320666634406
32 38 5.008717507427956
32 39 5.508020520480655
32 40 21.50494133307877
32 41 26.52082600486398
32 42 20.97976797859061
32 43 17.47839620236156
32 44 25.01834880465918
32 45 40.94770634811768
32 46 71.51933301767815
32 47 23.01858953382394
32 48 47.50684402993222
32 49 68.92263157437782
32 50 46.5217616555278
33 1 18.45310770332634
33 2 11.46316752282638
33 3 14.93690611657736
33 4 1.999393516041871
33 5 2.491376311684999
33 6 3.983842980133956
33 7 9.977088151219334
33 10 3.489555733095818
33 11 1.496281855765688
33 12 2.003493832139185
33 13 1.502314102816533
33 15 2.499161338973235
33 16 23.01951205777128
33 17 10.01511673819069
33 19 35.00969402250478
33 20 31.00501772147948
33 21 26.94235552140849
33 22 43.98655729447518
33 23 36.49610804408292
33 24 30.53095867932549
33 25 31.48757168746101
33 26 23.53991877059482
33 27 40.07751433138375
33 28 28.43843620120296
33 29 18.53422071921287
33 30 27.99070348713887
33 31 40.86164950829527
33 32 47.48839091446249
33 33 71.89542258598136
33 34 74.88341202016852
33 35 52.92581331703613
33 36 99.20039368535541
33 37 8.480967830357086
33 38 12.50663395320657
33 39 9.002215176744489
33 40 32.9676809346904
33 41 53.97706556069537
33 42 44.40344885544349
33 43 24.93899985644077
33 44 47.97712619371121
33 45 74.31516028539633
33 46 100.4056379057024
33 47 43.98229619300141
33 48 78.91587174166474
33 49 96.27542121646576
33 50 69.94806946398344
34 1 12.46704442108511
34 2 9.966953124267706
34 3 12.44615790066659
34 4 0.9995937429258234
34 5 1.494675399387771
34 6 3.485506185210239
34 7 4.988035391425048
34 8 0.5119454856898285
34 9 1.014467717837082
34 10 0.996913402571416
34 11 1.994837239626552
34 12 0.5008220602634881
34 13 2.002880235727833
34 14 1.993309720874124
34 15 2.498904701817845
34 16 17.01268165526985
34 17 10.51479481034375
34 19 27.00471877325915
34 20 28.5017021482765
34 21 25.94184311013803
34 22 29.98777043825137
34 23 31.9933163252012
34 24 20.51870728593861
34 25 27.98609226386252
34 26 13.52154458510905
34 27 26.54862971193632
34 28 27.43779340294296
34 29 13.02270944578186
34 30 16.99261823157449
34 31 38.86443782915185
34 32 50.48249759126023
34 33 74.88341202016852
34 34 75.87411228189477
34 35 68.39713741319652
34 36 86.2307594027245
34 37 3.491808122082115
34 38 7.002999849328675
34 39 12.5017988416102
34 40 44.95133368114229
34 41 47.47498732972835
34 42 45.89551493512649
34 43 27.43009100237377
34 44 30.98205932280259
34 45 69.32048765043331
34 46 101.8938134343381
34 47 39.48007096010208
34 48 66.92181274557343
34 49 100.255931582297
34 50 61.94767501479963
35 1 8.478903278991229
35 2 6.977946994254979
35 3 12.44807691196958
35 4 1.499623776725439
35 5 0.9966035857241796
35 6 2.988038960144576
35 7 6.485447863216795
35 10 1.495602059618419
35 11 2.493935087655619
35 12 2.00359271290475
35 13 2.503990625007433
35 14 0.4984044992165679
35 15 2.499292656829711
35 16 29.02613849553422
35 17 15.02346577794348
35 19 34.51138632393626
35 20 40.00859187264039
35 21 33.92920302685555
35 22 34.99115901771306
35 23 29.49841777239638
35 24 24.52616638737054
35 25 31.98906688056701
35 26 21.03678752358768
35 27 39.07764340607633
35 28 31.93255637012868
35 29 19.03615720644789
35 30 26.992461571728
35 31 28.40532720281642
35 32 45.9911878146487
35 33 52.92581331703613
35 34 68.39713741319652
35 35 61.9164803788147
35 36 81.75740720614051
35 37 4.989068379784016
35 38 14.00817217031268
35 39 12.00359030773279
35 40 26.47544546548102
35 41 48.48196170322925
35 42 41.41214232387129
35 43 19.45344027304037
35 44 35.48495575012263
35 45 58.35794672490444
35 46 97.41359694673561
35 47 25.49108754361506
35 48 57.94129155470999
35 49 67.84532560654274
35 50 46.46796619341948
36 1 16.43251799907834
36 2 14.43103842946654
36 3 9.94243996975769
36 4 2.495337310232395
36 5 3.979996044204432
36 6 7.458078491114295
36 7 11.45575442170469
36 10 2.488653990648902
36 11 0.9959658538765891
36 12 3.000535049074979
36 13 3.499911976130688
36 14 1.990408177598297
36 15 1.996203894362898
36 16 25.48170714460304
36 17 16.49906909693916
36 18 0.5020793496929493
36 19 37.95109864937179
36 20 44.93692745359984
36 21 32.87818205128146
36 22 46.41315429558522
36 23 37.93656853240149
36 24 29.9834658233544
36 25 35.43054675759024
36 26 27.00351617979666
36 27 39.01437563759746
36 28 42.34205505731784
36 29 19.50548082927826
36 30 20.46117281158575
36 31 53.23640648014485
36 32 58.89340066414901
36 33 99.20039368535541
36 34 86.2307594027245
36 35 81.75740720614051
36 36 122.4385425966752
36 37 7.9696386742756
36 38 14.4850071977759
36 39 9.986823241240522
36 40 53.36414212285911
36 41 64.37187546708064
36 42 55.7913444096889
36 43 33.86413740795881
36 44 48.90013445782245
36 45 79.67708911564679
36 46 135.1613667885031
36 47 47.90572023084093
36 48 89.76377887665265
36 49 115.5495568975749
36 50 94.28241146038818
37 1 13.45518740027689
37 2 2.988041059862554
37 3 2.48752894094901
37 4 18.97926403250174
37 5 26.8857305119192
37 6 15.92285177579689
37 7 29.90770563322559
37 10 5.977388290180646
37 11 15.44941755771531
37 12 21.52053496879105
37 13 22.0165331560878
37 14 5.477851803538682
37 15 47.94605013976208
37 16 7.000408511269756
37 17 12.509001618917
37 19 1.998975900391271
37 20 6.995608946775378
37 21 1.495619522441481
37 22 2.996718133757056
37 23 1.498657036749081
37 25 3.49585930672817
37 26 0.5004532458897483
37 27 3.003439167804647
37 28 3.988218825819817
37 29 2.00211618328372
37 30 1.498319478068225
37 31 4.481290323574325
37 32 5.494320666634406
37 33 8.480967830357086
37 34 3.491808122082115
37 35 4.989068379784016
37 36 7.9696386742756
37 37 31.90322237420349
37 38 4.498833396686052
37 39 16.49104286766786
37 40 24.95583708097429
37 41 6.991509077288245
37 42 4.985223346308665
37 43 5.980650303135672
37 44 11.48545846831635
37 45 11.46243993027834
37 46 11.48015027566425
37 47 1.997619025620716
37 48 3.493516998969967
37 49 15.95020453669585
37 50 6.989294385049678
38 1 0.4997220179337718
38 2 0.4993863429635643
38 3 1.995533368326618
38 4 1.502527102664774
38 5 2.496314326691082
38 6 0.4989666427435335
38 7 2.499221345346993
38 10 0.9989926564483194
38 11 1.999001360947982
38 12 1.505613972662042
38 13 3.512382137979106
38 14 0.9987328743051503
38 15 8.01321410108784
38 16 10.52983146721924
38 17 10.03506332053441
38 19 19.04307435834945
38 20 18.03872915167424
38 21 0.9998455143038013
38 22 7.512617830820328
38 23 7.514117272022413
38 24 3.510528677677277
38 25 12.01911435206716
38 26 8.029554378229037
38 27 13.05115122719546
38 28 10.49811554209588
38 29 4.517309290287603
38 30 7.512417371058463
38 31 4.993006817525839
38 32 5.008717507427956
38 33 12.50663395320657
